5.59103665e+09	3.58587749e+09	7.56638644e+09	3.84987790e+09	5.01595048e+09	1.76340882e+09	7.40013529e+09	5.42867675e+09	6.88336117e+09	4.14414954e+09	4.26426481e+09	3.77220818e+09	2.61332302e+09	3.79831051e+09	6.81624068e+09	2.32242919e+09	2.64805084e+09	9.49560113e+09	4.03971058e+09	4.21056148e+09	4.92194046e+09	3.85584958e+09	6.46226922e+09	6.72036894e+09	1.46544807e+09	5.04574678e+09	5.54023522e+09	6.37872317e+09	4.63330617e+09	7.42252127e+09
5.59103665e+09	3.00263617e+09	3.12557985e+09	3.84987790e+09	3.15336251e+09	1.76340882e+09	7.40013529e+09	3.84303505e+09	6.88336117e+09	2.47877507e+09	4.26426481e+09	3.19918932e+09	2.61332302e+09	3.79831051e+09	6.81624068e+09	2.32242919e+09	1.65673183e+09	3.81670866e+09	3.33728841e+09	4.21056148e+09	4.85936976e+09	1.10868508e+09	6.46226922e+09	5.25015410e+09	1.16261699e+09	3.91167663e+09	5.43338482e+09	4.01151200e+09	2.03801782e+09	2.66193048e+09
3.03033971e+09	7.32728242e+08	2.03968478e+09	3.08410384e+09	1.67108040e+09	1.76340882e+09	2.96154211e+09	3.84303504e+09	5.38679332e+09	2.47877507e+09	4.26426481e+09	3.19918932e+09	1.54676093e+09	3.79831051e+09	4.60203524e+09	2.32242919e+09	1.65673183e+09	8.79519839e+08	2.72244050e+09	7.41313269e+08	1.70150732e+09	1.04806193e+09	1.56079237e+09	4.37296548e+09	1.16261699e+09	3.39379968e+09	4.15335757e+09	2.38590839e+09	2.03801782e+09	2.45384569e+09
1.51470117e+09	7.32728242e+08	1.72136269e+09	2.77690964e+09	4.15113255e+08	1.61290503e+09	2.83592635e+09	2.36166520e+09	2.98971213e+09	1.69723393e+09	1.18350931e+08	2.43654106e+09	1.54676093e+09	1.48174023e+09	1.17144959e+09	2.32242919e+09	1.55697177e+09	8.79519786e+08	1.99612923e+09	7.41313269e+08	6.81959706e+08	8.55226973e+08	1.56079237e+09	1.76879878e+09	1.04280896e+09	3.39379968e+09	1.26394391e+09	1.17396110e+09	1.57710991e+09	1.49822854e+09
4.69195345e+08	4.43037393e+08	5.75348837e+08	1.39003826e+09	3.57778021e+08	1.17930466e+09	9.76213066e+08	1.98433900e+08	4.07980564e+08	1.49373777e+09	9.46381814e+07	5.31138246e+08	4.57981747e+08	4.27857810e+08	6.84086769e+08	1.68364714e+09	4.53412084e+08	8.79519786e+08	7.22777678e+08	4.47694313e+08	2.57618067e+08	3.08930218e+08	1.25048351e+09	1.02125999e+09	2.36165357e+08	1.07938558e+09	4.19511426e+08	2.74776673e+08	1.48147001e+09	1.49822854e+09
2.01772720e+08	1.28736588e+08	1.28019291e+08	4.50242860e+08	2.06683051e+08	2.94804084e+08	3.23394741e+08	8.48656933e+07	8.38961625e+07	2.45930196e+08	9.43206607e+07	7.39676129e+07	2.91995809e+08	2.73172723e+08	2.31069735e+08	2.28600552e+08	1.19126116e+08	1.05207975e+08	1.89402682e+08	4.33305127e+08	1.36655844e+08	5.80007396e+07	2.19308853e+08	7.09482597e+08	4.25914320e+07	2.39449420e+08	3.75963959e+07	1.21187355e+08	5.95941409e+08	3.23149784e+08
1.40658593e+07	2.32330137e+07	5.34190724e+07	1.73756398e+08	2.45893067e+07	2.00887457e+07	4.43186726e+07	5.03934032e+07	2.31414802e+07	1.65676173e+07	1.57976153e+07	1.15359544e+07	2.60192942e+07	4.11933705e+07	1.95273725e+07	2.74178396e+07	2.67226568e+07	9.87457088e+06	8.43168160e+06	4.72630792e+07	1.24472869e+07	1.17857558e+07	1.21915836e+07	1.51580631e+08	1.74397861e+07	4.53147313e+07	3.04332290e+06	2.43642657e+07	1.41390397e+08	1.11835062e+08
8.46953862e+05	5.92021179e+05	1.51098303e+07	6.58131158e+06	7.84405101e+06	1.84068299e+06	1.48679824e+07	3.90678999e+06	2.72174435e+06	1.65546532e+06	1.03028014e+06	2.09126810e+06	1.65340603e+05	3.07506564e+06	1.54201150e+06	7.12834557e+05	5.50011538e+06	1.40892286e+06	2.43038367e+06	2.86713729e+06	8.81832785e+05	1.21260546e+06	2.72003911e+05	8.23434341e+06	4.75115558e+06	1.67182300e+06	7.22243671e+04	9.52193967e+05	1.34041103e+06	4.30864648e+06
2.23582595e+04	4.77592594e+04	1.13720068e+05	3.29736007e+04	5.78212877e+04	4.69187769e+04	2.18786869e+05	1.14092581e+05	4.63987972e+04	7.20496906e+04	4.43498308e+04	1.94916583e+04	2.41730208e+04	5.10478301e+04	6.87579864e+04	3.90765256e+04	1.21653348e+05	1.39403099e+04	1.18846583e+05	8.79427063e+04	1.82247660e+04	1.04379122e+04	8.35512810e+03	3.72327088e+04	2.44086017e+04	1.39170701e+04	5.20717426e+03	3.13784865e+04	5.49298403e+04	5.45068650e+05
1.20645207e+02	2.71991672e+02	1.60178501e+02	8.21988347e+01	1.80680089e+02	1.36536813e+02	2.16188980e+02	2.38054831e+02	9.51236269e+01	5.42702104e+02	1.99510117e+02	1.51036651e+02	1.60474177e+02	1.88907382e+02	2.76398673e+02	1.24596384e+02	3.27016980e+02	1.79475095e+02	3.36097634e+02	1.16724695e+02	1.19151058e+02	1.96493232e+02	8.62825026e+01	1.77992621e+02	1.98658488e+02	1.03413547e+02	1.05053880e+02	1.36081552e+02	1.39126105e+02	9.40663071e+02
1.25485099e+01	1.32390123e+01	1.52694027e+01	1.36241723e+01	1.76370703e+01	1.83309489e+01	1.16051824e+01	1.77966613e+01	9.37935771e+00	1.99877813e+01	9.83004987e+00	1.04056862e+01	1.78017324e+01	2.32105420e+01	7.06433855e+00	1.17430797e+01	1.36570312e+01	1.50996152e+01	2.59488501e+01	1.03437983e+01	9.68655820e+00	9.75217985e+00	1.18341851e+01	2.57131745e+01	9.83786355e+00	2.36282570e+01	1.43872028e+01	1.44894996e+01	1.35910470e+01	2.35990325e+01
3.34573075e+00	5.26699072e+00	3.62767461e+00	1.38158581e+00	4.43086938e+00	3.92372585e+00	2.19786515e+00	2.47103118e+00	4.86299705e+00	5.51230537e+00	4.21849731e+00	4.21891071e+00	3.65302356e+00	4.33962417e+00	2.45291527e+00	2.16173340e+00	3.11234536e+00	3.48787536e+00	5.25536960e+00	2.65479945e+00	1.22516228e+00	1.70999362e+00	2.95590971e+00	9.58448186e+00	2.03711531e+00	6.83479111e+00	3.96980101e+00	6.25417723e+00	4.25542341e+00	9.67740779e+00
4.30765955e-01	3.36324445e-01	4.41501440e-01	1.12945221e+00	4.16631792e-01	4.36742425e-01	6.43497868e-01	4.90108554e-01	1.03750241e+00	4.49744762e-01	4.73552243e-01	4.92352946e-01	6.18061019e-01	3.55939938e-01	5.33504945e-01	3.30672804e-01	3.63625819e-01	5.57544740e-01	5.23909073e-01	2.35879193e-01	4.56384984e-01	4.39301747e-01	2.15486349e-01	7.02543739e-01	3.08181081e-01	1.47073591e+00	4.64598091e-01	1.06315051e+00	4.81762987e-01	1.28910319e+00
3.91219395e-01	1.54152180e-01	9.99022709e-02	1.10922016e+00	9.75696559e-02	1.72007351e-01	2.42761939e-01	9.31840765e-02	3.07276411e-01	2.13366612e-01	2.65714192e-01	3.47707454e-01	1.99905892e-01	1.94780700e-01	4.60953770e-01	1.52050199e-01	2.02255792e-01	4.49086137e-01	4.53243440e-01	1.27390053e-01	1.84627117e-01	1.88501449e-01	1.51811339e-01	1.89223374e-01	1.35285408e-01	6.07490674e-01	2.36583021e-01	3.62288182e-01	4.37284830e-01	2.77337340e-01
3.50328354e-01	1.40668986e-01	7.79537991e-02	1.09444452e+00	5.46521835e-02	1.24414286e-01	2.18540856e-01	5.83244375e-02	2.58901553e-01	1.61303713e-01	2.41354444e-01	3.02776235e-01	1.06274384e-01	1.24819251e-01	4.50892379e-01	1.19204214e-01	1.09076911e-01	3.71385424e-01	4.27993024e-01	1.04509656e-01	1.04739808e-01	1.55915516e-01	1.44852709e-01	1.45462524e-01	1.05291850e-01	6.02536663e-01	2.03187157e-01	3.18878823e-01	4.07041508e-01	2.44213021e-01
3.43391160e-01	1.03974362e-01	4.42256869e-02	1.06506805e+00	5.27843221e-02	9.68734774e-02	1.89230154e-01	3.89065962e-02	2.55517782e-01	8.52456412e-02	1.80150785e-01	2.19554442e-01	1.06263740e-01	9.03693093e-02	4.20829546e-01	1.19194632e-01	5.04617379e-02	3.11102303e-01	4.16779536e-01	7.37770365e-02	1.04438447e-01	4.78968770e-02	1.18025387e-01	9.94125747e-02	8.21956917e-02	4.92528652e-01	2.03183626e-01	2.79320975e-01	3.85487289e-01	2.08005871e-01
1.00000000e+06	1.00000000e+06	1.00000000e+06	1.00000000e+06	1.00000000e+06	1.00000000e+06	1.00000000e+06	1.00000000e+06	1.00000000e+06	1.00000000e+06	1.00000000e+06	1.00000000e+06	1.00000000e+06	1.00000000e+06	1.00000000e+06	1.00000000e+06	1.00000000e+06	1.00000000e+06	1.00000000e+06	1.00000000e+06	1.00000000e+06	1.00000000e+06	1.00000000e+06	1.00000000e+06	1.00000000e+06	1.00000000e+06	1.00000000e+06	1.00000000e+06	1.00000000e+06	1.00000000e+06
