2.986369e+02 2.648670e+02 2.962206e+02 2.847690e+02 3.032843e+02 3.086632e+02 3.072265e+02 2.746246e+02 2.676328e+02 3.271788e+02 2.956427e+02 3.031810e+02 3.231445e+02 2.866572e+02 2.973110e+02 3.207550e+02 2.866965e+02 2.873177e+02 3.010488e+02 3.067820e+02 2.763968e+02 2.935994e+02 2.659054e+02 2.876955e+02 2.963669e+02 2.809223e+02 3.157938e+02 2.282993e+02 3.148747e+02 2.742606e+02 
2.954505e+02 2.648670e+02 2.657317e+02 2.847690e+02 3.014795e+02 3.086632e+02 3.049373e+02 2.746246e+02 2.676328e+02 2.916191e+02 2.567136e+02 2.791072e+02 3.231445e+02 2.866572e+02 2.973110e+02 2.797538e+02 2.866965e+02 2.525477e+02 2.773134e+02 3.067820e+02 2.763968e+02 2.931103e+02 2.659054e+02 2.777064e+02 2.963669e+02 2.809223e+02 3.157938e+02 2.282993e+02 3.148747e+02 2.742606e+02 
2.529275e+02 2.648670e+02 2.657317e+02 2.484191e+02 2.826927e+02 2.771317e+02 2.945787e+02 2.746246e+02 2.425667e+02 2.916191e+02 2.567136e+02 2.593702e+02 3.011943e+02 2.775525e+02 2.973110e+02 2.797538e+02 2.866965e+02 2.359583e+02 2.570103e+02 2.920523e+02 2.660428e+02 2.781696e+02 2.659054e+02 2.777064e+02 2.963669e+02 2.288393e+02 3.157938e+02 2.282993e+02 3.148747e+02 2.742606e+02 
2.324212e+02 2.610919e+02 2.657317e+02 2.421186e+02 2.826927e+02 2.771317e+02 2.945787e+02 2.441969e+02 2.425667e+02 2.892439e+02 2.567136e+02 2.444107e+02 2.577965e+02 2.748848e+02 2.744386e+02 2.210122e+02 2.866965e+02 2.359583e+02 2.570103e+02 2.439951e+02 2.573727e+02 2.752976e+02 2.659054e+02 2.422352e+02 2.822362e+02 2.288393e+02 2.857136e+02 2.282993e+02 2.954720e+02 2.742606e+02 
2.324212e+02 2.579255e+02 2.405625e+02 2.224658e+02 2.820983e+02 2.613697e+02 2.606472e+02 2.441969e+02 2.417517e+02 2.571608e+02 2.057359e+02 2.444107e+02 2.466181e+02 2.516504e+02 2.532322e+02 2.166823e+02 2.616070e+02 2.283931e+02 2.346077e+02 2.439951e+02 2.410579e+02 2.450305e+02 2.558492e+02 2.422352e+02 2.594300e+02 2.182360e+02 2.775058e+02 2.282993e+02 2.790246e+02 2.434897e+02 
2.195393e+02 2.298951e+02 2.303688e+02 2.111532e+02 2.403587e+02 2.430752e+02 2.606472e+02 2.269993e+02 2.417517e+02 2.352804e+02 2.057359e+02 2.339794e+02 2.391581e+02 2.361113e+02 2.296795e+02 2.166823e+02 2.434888e+02 2.270930e+02 2.346077e+02 2.417497e+02 2.355083e+02 2.446597e+02 2.505746e+02 2.379017e+02 2.419986e+02 2.122738e+02 2.652746e+02 2.266247e+02 2.484613e+02 2.095394e+02 
2.012728e+02 2.186580e+02 2.303688e+02 2.045747e+02 2.292730e+02 2.360323e+02 2.486311e+02 2.078447e+02 1.934856e+02 2.280000e+02 2.057359e+02 2.092694e+02 2.319093e+02 2.271574e+02 1.810830e+02 2.003745e+02 1.999530e+02 2.188606e+02 2.332399e+02 2.222346e+02 2.086747e+02 2.155276e+02 2.310170e+02 2.294975e+02 2.368981e+02 1.933903e+02 2.543959e+02 2.025781e+02 2.051970e+02 1.913689e+02 
1.922402e+02 1.884886e+02 1.967986e+02 1.853812e+02 1.947602e+02 2.309602e+02 2.209350e+02 2.045114e+02 1.890173e+02 1.884488e+02 1.746613e+02 1.851732e+02 1.988039e+02 2.173891e+02 1.510778e+02 1.917885e+02 1.856235e+02 1.953765e+02 2.106866e+02 1.881209e+02 1.976477e+02 1.952893e+02 1.941576e+02 1.980239e+02 2.130876e+02 1.717887e+02 2.231490e+02 1.712404e+02 1.592738e+02 1.809649e+02 
1.646601e+02 1.700633e+02 1.800126e+02 1.423803e+02 1.494956e+02 1.475278e+02 1.639883e+02 1.625134e+02 1.523234e+02 1.874369e+02 1.508867e+02 1.638169e+02 1.549923e+02 1.846501e+02 1.389799e+02 1.767885e+02 1.600057e+02 1.702657e+02 1.800582e+02 1.683361e+02 1.735511e+02 1.731666e+02 1.684144e+02 1.762207e+02 2.017907e+02 1.426276e+02 1.884922e+02 1.491663e+02 1.354825e+02 1.743437e+02 
1.179829e+02 1.417769e+02 1.555110e+02 1.361433e+02 1.330536e+02 1.263060e+02 1.446359e+02 1.333067e+02 1.231159e+02 1.517348e+02 1.287134e+02 1.427928e+02 1.186290e+02 1.470540e+02 1.180167e+02 1.342396e+02 1.306394e+02 1.130389e+02 1.391636e+02 1.381538e+02 1.399969e+02 1.220139e+02 1.165030e+02 1.403805e+02 1.457566e+02 1.074226e+02 1.506484e+02 1.164089e+02 1.137001e+02 1.522792e+02 
9.710582e+01 1.110467e+02 1.117659e+02 9.650416e+01 8.808590e+01 7.764949e+01 1.114934e+02 1.106008e+02 9.874684e+01 1.230151e+02 9.682344e+01 1.107246e+02 8.784545e+01 1.054328e+02 8.673052e+01 1.066594e+02 9.707678e+01 9.209860e+01 1.124999e+02 1.167312e+02 1.260206e+02 1.078186e+02 9.746960e+01 1.142985e+02 1.112407e+02 7.487187e+01 1.048216e+02 1.034127e+02 9.789217e+01 9.478064e+01 
9.090129e+01 8.644664e+01 7.397423e+01 8.591019e+01 7.527133e+01 6.767847e+01 9.976363e+01 7.603979e+01 9.235139e+01 1.147088e+02 8.115083e+01 8.742873e+01 6.993397e+01 8.946851e+01 8.009214e+01 9.505364e+01 9.141040e+01 8.375976e+01 9.753042e+01 1.025478e+02 1.052360e+02 8.896444e+01 7.734289e+01 1.031823e+02 9.636377e+01 5.839050e+01 9.420921e+01 8.238340e+01 8.385606e+01 8.583678e+01 
8.620600e+01 8.418058e+01 6.427302e+01 8.077320e+01 7.391168e+01 6.186426e+01 9.464073e+01 7.273585e+01 9.091230e+01 1.118176e+02 7.687097e+01 8.278923e+01 6.886169e+01 8.780768e+01 7.705829e+01 9.072633e+01 8.771908e+01 8.188277e+01 9.520944e+01 1.016289e+02 9.889300e+01 8.668508e+01 7.581210e+01 1.016347e+02 9.174141e+01 5.717419e+01 8.871817e+01 7.896889e+01 8.107652e+01 8.106657e+01 
8.560298e+01 8.398895e+01 6.369683e+01 8.064085e+01 7.363620e+01 6.170623e+01 9.455755e+01 7.263988e+01 9.057821e+01 1.114943e+02 7.662820e+01 8.259651e+01 6.867430e+01 8.757847e+01 7.665584e+01 9.058774e+01 8.757982e+01 8.156967e+01 9.498883e+01 1.015096e+02 9.857475e+01 8.657886e+01 7.565194e+01 1.014988e+02 9.154971e+01 5.673787e+01 8.856723e+01 7.862107e+01 8.061030e+01 8.059737e+01 
3.804452e+01 3.787253e+01 3.194091e+01 1.971489e+01 3.370907e+01 2.532752e+01 2.727328e+01 3.261974e+01 3.811601e+01 3.646101e+01 2.966345e+01 3.987934e+01 3.869925e+01 4.174872e+01 1.412798e+01 3.589768e+01 3.717215e+01 5.120868e+01 4.549176e+01 2.786032e+01 2.490191e+01 3.230628e+01 3.611964e+01 2.565599e+01 1.740387e+01 4.889401e+01 2.953825e+01 3.627846e+01 2.733476e+01 3.126369e+01 
1.193950e+01 1.835725e+01 1.293446e+01 1.392942e+01 6.060450e+00 1.694871e+01 1.193950e+01 9.949591e+00 1.300507e+01 8.954632e+00 8.954632e+00 1.411963e+01 1.094455e+01 1.293446e+01 1.371038e+01 1.890421e+01 9.949591e+00 1.306391e+01 2.089413e+01 1.691430e+01 6.964713e+00 1.094454e+01 7.959672e+00 1.392942e+01 9.343599e+00 1.307895e+01 1.890421e+01 1.795204e+01 1.392942e+01 1.010600e+01 
1.000000e+06 1.000000e+06 1.000000e+06 1.000000e+06 1.000000e+06 1.000000e+06 1.000000e+06 1.000000e+06 1.000000e+06 1.000000e+06 1.000000e+06 1.000000e+06 1.000000e+06 1.000000e+06 1.000000e+06 1.000000e+06 1.000000e+06 1.000000e+06 1.000000e+06 1.000000e+06 1.000000e+06 1.000000e+06 1.000000e+06 1.000000e+06 1.000000e+06 1.000000e+06 1.000000e+06 1.000000e+06 1.000000e+06 1.000000e+06 
