1.911949e+03 2.057744e+03 1.233360e+03 9.992365e+02 1.847598e+03 1.288322e+03 1.505726e+03 1.432851e+03 1.518649e+03 1.226390e+03 1.320225e+03 1.663701e+03 1.298232e+03 1.469615e+03 1.725681e+03 1.204108e+03 1.290939e+03 1.431144e+03 1.195480e+03 1.841466e+03 1.441608e+03 1.124230e+03 1.636337e+03 8.431380e+02 1.422773e+03 1.051587e+03 1.101783e+03 1.244988e+03 1.824821e+03 1.678967e+03 
1.911949e+03 1.849247e+03 1.232681e+03 9.992365e+02 1.847598e+03 1.206363e+03 1.505726e+03 1.404498e+03 1.515682e+03 1.226390e+03 1.320225e+03 1.663701e+03 1.293442e+03 1.400986e+03 1.687935e+03 1.199137e+03 1.237063e+03 1.431144e+03 1.175771e+03 1.841466e+03 1.441608e+03 1.124230e+03 1.601509e+03 8.400705e+02 1.401519e+03 1.051587e+03 1.101783e+03 1.244988e+03 1.824821e+03 1.678967e+03 
1.726935e+03 1.755811e+03 1.232681e+03 9.992365e+02 1.648721e+03 1.206363e+03 1.505560e+03 1.315620e+03 1.432151e+03 1.102963e+03 1.276108e+03 1.663701e+03 1.293442e+03 1.400986e+03 1.553974e+03 1.116893e+03 1.237063e+03 1.431144e+03 1.175771e+03 1.705543e+03 1.372608e+03 1.108520e+03 1.551915e+03 8.052461e+02 1.199561e+03 1.002577e+03 1.032503e+03 1.217488e+03 1.766048e+03 1.541081e+03 
1.565525e+03 1.142880e+03 1.023370e+03 9.992365e+02 1.589589e+03 1.170182e+03 1.362022e+03 1.256720e+03 1.065475e+03 1.100856e+03 1.276108e+03 1.126629e+03 1.051307e+03 1.102579e+03 1.383207e+03 9.813962e+02 9.920592e+02 1.271696e+03 1.089202e+03 1.004891e+03 1.323671e+03 9.708067e+02 1.496399e+03 8.052461e+02 9.915519e+02 9.936841e+02 9.990366e+02 1.217488e+03 1.493790e+03 1.217876e+03 
7.603961e+02 9.916809e+02 7.668173e+02 9.610073e+02 1.353756e+03 1.022160e+03 8.635730e+02 1.112482e+03 9.177335e+02 1.086549e+03 9.786419e+02 7.928829e+02 8.827889e+02 9.449131e+02 1.242302e+03 9.057215e+02 9.920592e+02 8.367857e+02 1.057160e+03 1.004891e+03 1.073942e+03 9.131677e+02 1.277961e+03 7.345093e+02 6.818982e+02 9.604662e+02 8.989978e+02 1.011582e+03 1.112322e+03 1.184303e+03 
4.942557e+02 7.664660e+02 5.892312e+02 7.475719e+02 8.645795e+02 8.171878e+02 7.155151e+02 5.916924e+02 7.980881e+02 8.611257e+02 7.431165e+02 4.648560e+02 7.730937e+02 8.108747e+02 8.819333e+02 7.392810e+02 8.663557e+02 6.629455e+02 8.188476e+02 9.571533e+02 8.694875e+02 7.614778e+02 7.395765e+02 6.515196e+02 5.885325e+02 7.356898e+02 7.876936e+02 7.563693e+02 8.033900e+02 9.052065e+02 
4.302106e+02 4.790690e+02 5.112571e+02 5.891531e+02 5.823033e+02 5.671173e+02 5.634333e+02 4.874009e+02 4.493252e+02 5.544582e+02 5.934920e+02 3.860075e+02 6.014179e+02 5.532180e+02 4.721254e+02 5.201329e+02 5.542466e+02 4.853585e+02 4.942188e+02 5.835359e+02 5.416191e+02 4.998262e+02 4.670765e+02 5.355586e+02 4.515105e+02 4.498376e+02 5.442311e+02 5.330831e+02 4.488612e+02 5.756703e+02 
3.539703e+02 3.543385e+02 4.014136e+02 3.971353e+02 4.034950e+02 4.030122e+02 4.424606e+02 3.881874e+02 3.467573e+02 3.988410e+02 4.096480e+02 3.471463e+02 3.788778e+02 3.236625e+02 3.690658e+02 3.680832e+02 4.048401e+02 3.693181e+02 3.736258e+02 4.105744e+02 3.600066e+02 3.466193e+02 3.607554e+02 3.807140e+02 3.480401e+02 3.829539e+02 4.034196e+02 3.512325e+02 3.463478e+02 3.802957e+02 
2.834960e+02 3.041229e+02 3.067171e+02 3.184449e+02 3.108646e+02 2.994296e+02 2.775797e+02 3.019090e+02 2.960227e+02 3.035495e+02 3.020408e+02 2.910732e+02 2.965657e+02 2.744181e+02 2.966969e+02 2.955330e+02 3.109309e+02 3.047975e+02 3.034654e+02 3.089604e+02 3.001127e+02 3.013360e+02 2.918262e+02 3.220197e+02 2.933079e+02 3.167140e+02 3.046854e+02 2.866835e+02 2.926657e+02 2.965139e+02 
2.594585e+02 2.685660e+02 2.565809e+02 2.642043e+02 2.739566e+02 2.572379e+02 2.705319e+02 2.678476e+02 2.630263e+02 2.666557e+02 2.681789e+02 2.645862e+02 2.631558e+02 2.516096e+02 2.616086e+02 2.469232e+02 2.591135e+02 2.729514e+02 2.621560e+02 2.698939e+02 2.774436e+02 2.651902e+02 2.629817e+02 2.634780e+02 2.745335e+02 2.570292e+02 2.725212e+02 2.637722e+02 2.615157e+02 2.703837e+02 
2.510532e+02 2.607986e+02 2.497411e+02 2.530809e+02 2.601517e+02 2.519112e+02 2.515234e+02 2.574398e+02 2.509681e+02 2.542930e+02 2.500263e+02 2.592257e+02 2.503756e+02 2.496462e+02 2.559977e+02 2.429191e+02 2.513941e+02 2.582910e+02 2.478441e+02 2.515135e+02 2.517974e+02 2.556283e+02 2.519896e+02 2.534642e+02 2.556589e+02 2.501662e+02 2.537763e+02 2.528809e+02 2.499158e+02 2.561435e+02 
2.450035e+02 2.487783e+02 2.451736e+02 2.493521e+02 2.476647e+02 2.470271e+02 2.466474e+02 2.529116e+02 2.364159e+02 2.474706e+02 2.484185e+02 2.528655e+02 2.484571e+02 2.479369e+02 2.512488e+02 2.401477e+02 2.478698e+02 2.542737e+02 2.382245e+02 2.433422e+02 2.445885e+02 2.521190e+02 2.477635e+02 2.493807e+02 2.465004e+02 2.480003e+02 2.465309e+02 2.443769e+02 2.472939e+02 2.496231e+02 
2.370908e+02 2.442445e+02 2.426588e+02 2.465954e+02 2.444051e+02 2.441456e+02 2.449723e+02 2.483343e+02 2.345508e+02 2.465764e+02 2.424562e+02 2.471784e+02 2.465215e+02 2.466290e+02 2.467961e+02 2.371857e+02 2.457262e+02 2.448062e+02 2.371404e+02 2.416350e+02 2.441290e+02 2.500316e+02 2.461208e+02 2.463178e+02 2.450964e+02 2.441927e+02 2.337284e+02 2.383865e+02 2.442633e+02 2.449298e+02 
2.361385e+02 2.436359e+02 2.420202e+02 2.460976e+02 2.435551e+02 2.438943e+02 2.444561e+02 2.480856e+02 2.344328e+02 2.462273e+02 2.421946e+02 2.443494e+02 2.419828e+02 2.465555e+02 2.456787e+02 2.369127e+02 2.450501e+02 2.443767e+02 2.370747e+02 2.413693e+02 2.439019e+02 2.497223e+02 2.443916e+02 2.445689e+02 2.449930e+02 2.439688e+02 2.335277e+02 2.377058e+02 2.440562e+02 2.444755e+02 
2.353701e+02 2.412323e+02 2.408324e+02 2.383092e+02 2.394097e+02 2.399896e+02 2.344688e+02 2.420654e+02 2.344050e+02 2.326238e+02 2.346258e+02 2.344096e+02 2.416649e+02 2.391215e+02 2.344199e+02 2.363451e+02 2.322336e+02 2.375906e+02 2.370719e+02 2.347493e+02 2.435729e+02 2.353920e+02 2.413029e+02 2.406845e+02 2.428348e+02 2.390036e+02 2.335221e+02 2.311420e+02 2.396296e+02 2.380934e+02 
2.329169e+02 2.400441e+02 2.354315e+02 2.347070e+02 2.380470e+02 2.358860e+02 2.320079e+02 2.360612e+02 2.333870e+02 2.312231e+02 2.311700e+02 2.339840e+02 2.362295e+02 2.328991e+02 2.325761e+02 2.327926e+02 2.319506e+02 2.329468e+02 2.369250e+02 2.319712e+02 2.384981e+02 2.323854e+02 2.378760e+02 2.384881e+02 2.420581e+02 2.348529e+02 2.315064e+02 2.288586e+02 2.370165e+02 2.343491e+02 
1.000000e+06 1.000000e+06 1.000000e+06 1.000000e+06 1.000000e+06 1.000000e+06 1.000000e+06 1.000000e+06 1.000000e+06 1.000000e+06 1.000000e+06 1.000000e+06 1.000000e+06 1.000000e+06 1.000000e+06 1.000000e+06 1.000000e+06 1.000000e+06 1.000000e+06 1.000000e+06 1.000000e+06 1.000000e+06 1.000000e+06 1.000000e+06 1.000000e+06 1.000000e+06 1.000000e+06 1.000000e+06 1.000000e+06 1.000000e+06 
