1.099061e+05 1.605836e+08 1.054566e+05 4.812416e+05 2.057091e+05 9.016944e+04 2.084205e+06 9.725858e+06 1.398932e+06 7.440057e+04 7.654104e+04 1.398854e+05 1.035922e+05 6.886473e+04 1.164542e+05 5.805136e+04 5.702188e+06 5.911216e+08 7.422053e+05 3.488628e+05 1.242438e+05 1.043910e+05 5.825654e+04 8.732231e+04 8.243995e+05 1.850796e+06 1.050778e+05 6.701009e+07 1.121622e+08 1.563005e+05 
1.099061e+05 1.340027e+08 1.054566e+05 8.408547e+04 8.786861e+04 9.016944e+04 2.084205e+06 8.893399e+04 1.382648e+05 7.440057e+04 7.066285e+04 1.398854e+05 1.035922e+05 6.886473e+04 1.164542e+05 5.805136e+04 3.279367e+05 1.602054e+08 5.213568e+04 3.488628e+05 1.242438e+05 8.916910e+04 5.825654e+04 8.732231e+04 8.243995e+05 1.850796e+06 1.050778e+05 9.522775e+04 8.647727e+05 6.267336e+04 
1.045504e+05 1.895373e+07 7.384634e+04 8.408547e+04 8.786861e+04 9.016944e+04 1.315483e+05 7.654849e+04 8.828048e+04 5.273819e+04 5.982799e+04 9.042546e+04 8.567961e+04 6.886473e+04 6.625064e+04 5.805136e+04 4.599388e+04 1.315697e+05 5.213568e+04 3.488628e+05 6.783183e+04 8.916910e+04 5.825654e+04 8.732231e+04 1.113521e+05 1.752870e+06 1.050778e+05 9.095154e+04 5.656569e+04 6.267336e+04 
9.787485e+04 8.457840e+04 7.384634e+04 8.408547e+04 8.295264e+04 9.016944e+04 1.178042e+05 7.079882e+04 8.828048e+04 5.273819e+04 5.982799e+04 4.312554e+04 6.686244e+04 6.886473e+04 5.145858e+04 5.805136e+04 4.339779e+04 1.273706e+05 5.213568e+04 7.474519e+04 6.737256e+04 8.916910e+04 5.825654e+04 8.732231e+04 6.092436e+04 6.668017e+04 1.040231e+05 9.095154e+04 5.656569e+04 6.267336e+04 
6.645619e+04 8.457840e+04 5.323836e+04 6.438827e+04 8.295264e+04 5.990741e+04 7.039537e+04 6.973100e+04 6.745377e+04 5.273819e+04 5.484200e+04 4.312554e+04 3.762545e+04 6.886473e+04 4.903287e+04 5.121298e+04 4.220811e+04 6.757156e+04 5.213568e+04 6.785567e+04 6.297557e+04 7.375078e+04 4.202436e+04 4.122146e+04 6.092436e+04 6.668017e+04 5.843191e+04 6.161229e+04 3.676447e+04 6.008745e+04 
3.871765e+04 5.620101e+04 5.323836e+04 4.921512e+04 4.456199e+04 4.876015e+04 5.903908e+04 6.108523e+04 3.812151e+04 4.503335e+04 5.472868e+04 4.132033e+04 3.762545e+04 5.551065e+04 4.820598e+04 5.064929e+04 4.220811e+04 5.854626e+04 4.632294e+04 5.566663e+04 3.781499e+04 7.138750e+04 4.202436e+04 4.048044e+04 5.704458e+04 6.301399e+04 5.843191e+04 6.161229e+04 3.676447e+04 5.821701e+04 
3.871765e+04 5.462478e+04 5.323836e+04 4.921512e+04 4.423518e+04 4.838931e+04 5.903908e+04 4.658602e+04 3.812151e+04 4.503335e+04 3.816614e+04 4.132033e+04 3.710251e+04 5.150290e+04 4.815464e+04 3.458971e+04 4.187404e+04 5.443901e+04 4.632294e+04 3.592163e+04 3.781499e+04 3.385418e+04 4.202436e+04 4.037182e+04 5.150224e+04 4.822820e+04 4.591290e+04 4.875771e+04 3.676447e+04 3.722355e+04 
3.842304e+04 3.571534e+04 5.197170e+04 4.848547e+04 4.423518e+04 4.799795e+04 5.336023e+04 4.633407e+04 3.812151e+04 4.491453e+04 3.708667e+04 4.031247e+04 3.678081e+04 4.944831e+04 4.754708e+04 3.381748e+04 4.187404e+04 5.191491e+04 4.630796e+04 3.592163e+04 3.649741e+04 3.382337e+04 4.170352e+04 4.037182e+04 4.805641e+04 4.771006e+04 3.916053e+04 4.610317e+04 3.490838e+04 3.710154e+04 
3.840361e+04 3.559546e+04 5.098314e+04 4.742360e+04 4.384408e+04 4.676695e+04 5.057099e+04 4.625873e+04 3.791044e+04 4.457353e+04 3.708667e+04 4.014718e+04 3.651488e+04 4.867398e+04 4.679293e+04 3.369329e+04 4.175974e+04 4.983868e+04 4.587001e+04 3.511938e+04 3.620826e+04 3.079052e+04 4.143399e+04 4.032654e+04 4.805641e+04 4.748354e+04 3.676784e+04 4.597414e+04 3.445981e+04 3.640397e+04 
3.699329e+04 3.518836e+04 5.060022e+04 4.605527e+04 4.320621e+04 4.499067e+04 5.006457e+04 4.542271e+04 3.628419e+04 4.419634e+04 3.707088e+04 3.862067e+04 3.483934e+04 4.794441e+04 4.531746e+04 3.193451e+04 4.065791e+04 4.803982e+04 4.164559e+04 3.379075e+04 3.613303e+04 2.955632e+04 4.040932e+04 3.759930e+04 4.601978e+04 4.627476e+04 3.617238e+04 4.346520e+04 3.378552e+04 3.567964e+04 
3.448866e+04 3.455638e+04 4.803434e+04 4.265935e+04 4.111355e+04 4.253722e+04 4.733425e+04 4.281960e+04 3.524997e+04 4.190113e+04 3.643232e+04 3.726292e+04 3.173025e+04 4.607366e+04 4.270492e+04 3.000641e+04 4.018316e+04 4.346338e+04 3.708116e+04 3.309403e+04 3.568052e+04 2.668777e+04 3.690035e+04 3.443858e+04 4.464893e+04 4.400368e+04 3.344807e+04 4.134012e+04 3.249416e+04 3.477925e+04 
3.269231e+04 3.232872e+04 4.362912e+04 3.929895e+04 3.898255e+04 3.612439e+04 4.089970e+04 4.132911e+04 3.407308e+04 3.911031e+04 3.447393e+04 3.400709e+04 2.858418e+04 4.298179e+04 3.955567e+04 2.746163e+04 3.726707e+04 3.785811e+04 3.242526e+04 3.214612e+04 3.454261e+04 2.248046e+04 3.459126e+04 2.946289e+04 4.069012e+04 4.267524e+04 3.111909e+04 3.986310e+04 3.100294e+04 3.304628e+04 
3.060531e+04 2.888629e+04 4.197485e+04 3.207361e+04 3.379582e+04 2.920326e+04 3.476275e+04 3.804764e+04 3.134473e+04 3.331287e+04 3.181902e+04 3.231145e+04 2.418257e+04 3.779184e+04 3.325748e+04 2.547203e+04 3.234612e+04 3.078841e+04 2.969057e+04 2.927180e+04 3.031723e+04 1.707874e+04 2.596384e+04 2.586073e+04 3.714439e+04 3.869385e+04 2.775649e+04 2.980562e+04 2.882871e+04 3.025990e+04 
2.913026e+04 2.583029e+04 3.817725e+04 2.422511e+04 2.739279e+04 2.550104e+04 2.800488e+04 2.920728e+04 2.824569e+04 2.791656e+04 2.500704e+04 3.069730e+04 2.107013e+04 3.136472e+04 2.659499e+04 2.342060e+04 2.957165e+04 2.256311e+04 2.323881e+04 2.557386e+04 2.551888e+04 1.333207e+04 2.049921e+04 2.089012e+04 2.988159e+04 3.438406e+04 2.490534e+04 2.396148e+04 2.763940e+04 2.185127e+04 
1.658833e-04 2.463220e-04 1.484655e-03 1.239995e-04 5.506265e-04 2.893805e-04 6.902982e-05 1.343356e-04 5.603184e-03 2.481519e-04 1.547039e-03 6.412831e-04 1.595040e-04 2.118712e-04 1.789367e-04 1.108166e-04 3.883638e-04 8.470795e-05 9.349076e-05 8.693860e-05 4.867490e-04 2.346177e-04 2.856824e-04 3.225138e-04 6.942862e-04 1.886661e-04 4.307223e-04 1.597729e-04 7.685883e-05 5.369307e-04 
1.000000e-08 1.000000e-08 1.000000e-08 1.000000e-08 1.000000e-08 1.000000e-08 1.000000e-08 1.000000e-08 1.000000e-08 1.000000e-08 1.000000e-08 1.000000e-08 1.000000e-08 1.000000e-08 1.000000e-08 1.000000e-08 1.000000e-08 1.000000e-08 1.000000e-08 1.000000e-08 1.000000e-08 1.000000e-08 1.000000e-08 1.000000e-08 1.000000e-08 1.000000e-08 1.000000e-08 1.000000e-08 1.000000e-08 1.000000e-08 
5.653630e+05 5.667890e+05 5.670660e+05 5.655930e+05 5.668360e+05 5.660530e+05 5.631090e+05 5.650870e+05 5.718500e+05 5.663750e+05 5.694640e+05 5.673870e+05 5.653630e+05 5.671110e+05 5.642130e+05 5.637990e+05 5.682490e+05 5.639380e+05 5.643510e+05 5.637070e+05 5.694650e+05 5.644430e+05 5.657770e+05 5.666050e+05 5.681140e+05 5.670190e+05 5.672030e+05 5.650870e+05 5.645350e+05 5.671110e+05 
