1.086666e+02 1.232578e+02 1.213304e+02 1.300784e+02 1.111578e+02 1.274340e+02 1.197573e+02 1.379308e+02 1.075308e+02 1.113616e+02 1.100393e+02 1.225792e+02 9.679638e+01 1.097163e+02 1.258130e+02 1.278440e+02 9.819257e+01 1.309746e+02 1.327967e+02 1.450456e+02 1.227404e+02 1.167309e+02 1.152088e+02 1.170199e+02 1.323332e+02 1.337038e+02 1.211539e+02 1.148880e+02 1.077397e+02 1.207276e+02 
1.086666e+02 1.144798e+02 1.213304e+02 1.187942e+02 9.947458e+01 1.259535e+02 1.186059e+02 1.190755e+02 1.059696e+02 1.113616e+02 1.100393e+02 1.094670e+02 9.679638e+01 1.072605e+02 1.258130e+02 1.238137e+02 9.819257e+01 1.127171e+02 1.327967e+02 1.438673e+02 1.045682e+02 1.167309e+02 1.152088e+02 1.170199e+02 1.229818e+02 1.274167e+02 1.211539e+02 1.045916e+02 1.077397e+02 1.165504e+02 
1.083207e+02 1.077849e+02 9.964802e+01 1.099160e+02 8.541080e+01 1.206743e+02 1.135715e+02 1.190755e+02 1.026863e+02 9.428631e+01 9.929223e+01 1.094670e+02 9.679638e+01 1.072605e+02 1.153368e+02 1.144900e+02 8.537765e+01 1.054818e+02 1.149339e+02 1.370704e+02 1.043518e+02 1.107414e+02 1.152088e+02 1.155699e+02 1.222490e+02 1.153661e+02 1.024513e+02 1.045916e+02 1.077397e+02 1.128158e+02 
1.083207e+02 9.289620e+01 9.964802e+01 1.075267e+02 8.501270e+01 1.071712e+02 1.006990e+02 1.176540e+02 9.842114e+01 9.103614e+01 9.929223e+01 8.263692e+01 9.272930e+01 1.065677e+02 9.998047e+01 1.112885e+02 8.169820e+01 1.012225e+02 1.128343e+02 1.271819e+02 1.043518e+02 1.085957e+02 1.106102e+02 1.037722e+02 1.086473e+02 1.110863e+02 9.996104e+01 1.011096e+02 9.740927e+01 1.079056e+02 
9.558373e+01 8.693004e+01 9.315978e+01 7.798434e+01 8.218618e+01 9.116211e+01 1.006990e+02 8.465670e+01 8.472578e+01 7.736001e+01 7.417313e+01 6.901018e+01 8.144878e+01 1.048104e+02 9.535609e+01 1.004221e+02 7.512931e+01 9.210997e+01 9.678289e+01 9.313823e+01 9.270368e+01 9.860288e+01 1.065497e+02 8.738074e+01 1.036526e+02 9.452600e+01 8.466201e+01 9.081237e+01 8.134994e+01 9.204588e+01 
7.648037e+01 5.672911e+01 8.166640e+01 5.163200e+01 6.962057e+01 7.424878e+01 8.391253e+01 7.379292e+01 8.105629e+01 7.507182e+01 7.001958e+01 5.762900e+01 7.364832e+01 8.587668e+01 7.315786e+01 8.121700e+01 6.703035e+01 6.986580e+01 5.908139e+01 7.650243e+01 6.927465e+01 7.690924e+01 8.488192e+01 7.894569e+01 7.919348e+01 8.604848e+01 7.041587e+01 8.439304e+01 7.107515e+01 7.518680e+01 
5.005603e+01 4.377197e+01 5.269646e+01 5.163200e+01 4.006860e+01 5.542436e+01 5.373136e+01 5.402770e+01 5.565426e+01 4.789609e+01 5.200763e+01 4.168641e+01 4.167452e+01 5.258299e+01 5.280004e+01 6.311818e+01 4.748331e+01 5.353943e+01 5.299152e+01 5.935752e+01 3.739554e+01 4.496009e+01 5.469781e+01 5.732431e+01 5.139479e+01 5.676184e+01 5.027061e+01 6.321309e+01 6.074118e+01 5.429852e+01 
3.136231e+01 3.021546e+01 3.137794e+01 3.527020e+01 2.506265e+01 3.172618e+01 2.801796e+01 2.766675e+01 3.322894e+01 2.763248e+01 2.155808e+01 2.640703e+01 2.580602e+01 2.604359e+01 3.086729e+01 3.386897e+01 3.326643e+01 3.353151e+01 2.656495e+01 3.206063e+01 3.108672e+01 3.086340e+01 3.143429e+01 2.783890e+01 2.846743e+01 3.316561e+01 2.708280e+01 2.756445e+01 2.663242e+01 3.519708e+01 
1.393738e+01 1.604385e+01 1.141443e+01 1.484906e+01 1.336361e+01 1.440803e+01 1.330480e+01 1.303206e+01 1.000681e+01 1.378250e+01 1.155953e+01 1.505856e+01 1.043504e+01 1.401547e+01 1.295610e+01 1.381044e+01 1.341500e+01 1.668260e+01 1.459112e+01 1.637351e+01 1.705613e+01 1.480288e+01 1.322478e+01 1.282892e+01 1.426090e+01 1.309940e+01 1.581553e+01 1.283234e+01 1.234304e+01 1.335814e+01 
3.287413e+00 3.851219e+00 3.877505e+00 4.965275e+00 5.195000e+00 3.248575e+00 4.209989e+00 3.284014e+00 4.916565e+00 3.600443e+00 3.726626e+00 4.176130e+00 4.366698e+00 4.027843e+00 4.000413e+00 4.309772e+00 3.417872e+00 4.575204e+00 4.585829e+00 4.159152e+00 4.004486e+00 4.688965e+00 4.636776e+00 4.976320e+00 3.786756e+00 4.810636e+00 5.686041e+00 2.474420e+00 4.220050e+00 4.228741e+00 
4.664231e-01 5.903099e-01 5.493482e-01 4.771413e-01 4.798834e-01 5.403870e-01 4.844097e-01 4.803783e-01 4.593701e-01 4.253909e-01 4.716499e-01 5.742378e-01 4.119622e-01 5.875037e-01 5.299402e-01 6.511062e-01 4.310896e-01 7.980364e-01 4.586974e-01 4.880729e-01 3.585769e-01 5.517297e-01 5.405832e-01 4.744241e-01 4.983482e-01 5.336208e-01 4.443357e-01 4.227530e-01 5.228655e-01 6.563356e-01 
1.188744e-02 1.127138e-02 1.788538e-02 1.094747e-02 1.390052e-02 1.121194e-02 1.869112e-02 1.725707e-02 1.427543e-02 1.100378e-02 1.121087e-02 2.242483e-02 1.296565e-02 1.455938e-02 1.565640e-02 1.851918e-02 1.199480e-02 1.765372e-02 1.419930e-02 1.221309e-02 1.532258e-02 1.061407e-02 9.316423e-03 1.226957e-02 1.445644e-02 1.335165e-02 1.236186e-02 1.303871e-02 1.191071e-02 1.696596e-02 
1.803953e-05 1.364294e-05 2.104856e-05 5.796892e-06 1.393925e-05 8.563427e-06 7.404265e-06 1.629806e-05 1.224502e-05 6.488005e-06 1.210909e-05 1.982719e-05 1.279271e-05 7.540938e-06 7.021984e-06 1.061300e-05 1.528789e-05 1.300330e-05 1.200886e-05 9.610541e-06 9.819764e-06 1.417167e-05 8.546269e-06 1.326866e-05 1.458623e-05 1.481301e-05 1.076088e-05 1.517127e-05 1.038696e-05 1.764590e-05 
1.000000e-08 1.000000e-08 1.000000e-08 1.000000e-08 1.000000e-08 1.000000e-08 1.000000e-08 1.000000e-08 1.000000e-08 1.000000e-08 1.000000e-08 1.000000e-08 1.000000e-08 1.000000e-08 1.000000e-08 1.000000e-08 1.000000e-08 1.000000e-08 1.000000e-08 1.000000e-08 1.000000e-08 1.000000e-08 1.000000e-08 1.000000e-08 1.000000e-08 1.000000e-08 1.000000e-08 1.000000e-08 1.000000e-08 1.000000e-08 
1.000000e-08 1.000000e-08 1.000000e-08 1.000000e-08 1.000000e-08 1.000000e-08 1.000000e-08 1.000000e-08 1.000000e-08 1.000000e-08 1.000000e-08 1.000000e-08 1.000000e-08 1.000000e-08 1.000000e-08 1.000000e-08 1.000000e-08 1.000000e-08 1.000000e-08 1.000000e-08 1.000000e-08 1.000000e-08 1.000000e-08 1.000000e-08 1.000000e-08 1.000000e-08 1.000000e-08 1.000000e-08 1.000000e-08 1.000000e-08 
1.000000e-08 1.000000e-08 1.000000e-08 1.000000e-08 1.000000e-08 1.000000e-08 1.000000e-08 1.000000e-08 1.000000e-08 1.000000e-08 1.000000e-08 1.000000e-08 1.000000e-08 1.000000e-08 1.000000e-08 1.000000e-08 1.000000e-08 1.000000e-08 1.000000e-08 1.000000e-08 1.000000e-08 1.000000e-08 1.000000e-08 1.000000e-08 1.000000e-08 1.000000e-08 1.000000e-08 1.000000e-08 1.000000e-08 1.000000e-08 
2.109460e+05 2.086260e+05 2.120660e+05 2.046260e+05 2.101460e+05 2.077460e+05 2.064660e+05 2.079060e+05 2.100660e+05 2.057460e+05 2.110260e+05 2.149290e+05 2.083060e+05 2.048660e+05 2.035060e+05 2.072660e+05 2.124660e+05 2.105460e+05 2.115860e+05 2.067860e+05 2.062260e+05 2.116660e+05 2.075860e+05 2.103860e+05 2.111860e+05 2.148500e+05 2.107860e+05 2.115060e+05 2.067060e+05 2.116660e+05 
