8.913168e+09 2.891172e+09 3.885219e+09 3.125767e+09 7.132286e+09 5.421734e+09 6.227958e+09 6.872228e+09 9.117815e+09 7.737355e+09 4.070767e+09 4.188862e+09 3.666521e+09 5.471677e+09 4.311881e+09 5.202085e+09 7.871627e+09 8.438402e+09 7.046006e+09 3.103002e+09 6.039712e+09 6.674520e+09 7.640220e+09 3.690719e+09 7.540715e+09 9.621317e+09 4.571565e+09 7.724033e+09 7.365982e+09 2.921415e+09 
8.821174e+09 2.889176e+09 3.885219e+09 3.125767e+09 7.132286e+09 4.357059e+09 6.227958e+09 5.181408e+09 9.105579e+09 7.340787e+09 4.070108e+09 4.188862e+09 3.666521e+09 5.018679e+09 4.311881e+09 3.111165e+09 7.649335e+09 8.438402e+09 7.046006e+09 3.103002e+09 6.039712e+09 6.674520e+09 7.640220e+09 3.690719e+09 7.540715e+09 7.066904e+09 4.571565e+09 7.724033e+09 6.659296e+09 2.921415e+09 
5.967029e+09 2.889176e+09 3.885219e+09 2.851749e+09 5.590903e+09 4.357059e+09 4.787290e+09 4.479547e+09 8.846840e+09 7.340787e+09 4.020262e+09 2.901226e+09 3.666521e+09 4.091662e+09 4.311881e+09 3.111165e+09 7.649335e+09 8.438402e+09 4.066822e+09 3.103002e+09 5.716264e+09 6.412951e+09 7.565074e+09 3.514503e+09 7.540715e+09 7.066904e+09 4.571565e+09 7.495023e+09 6.623143e+09 2.077275e+09 
5.149931e+09 2.753126e+09 3.885219e+09 2.583040e+09 3.291787e+09 3.890020e+09 4.787290e+09 2.612053e+09 5.041349e+09 6.260297e+09 3.885929e+09 2.682854e+09 3.666521e+09 3.365225e+09 4.311881e+09 3.038813e+09 6.134981e+09 8.279306e+09 3.758535e+09 1.788189e+09 4.474302e+09 5.620138e+09 7.367800e+09 3.510508e+09 7.221793e+09 6.792102e+09 4.571565e+09 6.522426e+09 5.741978e+09 2.077275e+09 
3.585207e+09 2.753126e+09 1.896812e+09 2.491080e+09 3.291787e+09 3.332231e+09 4.291091e+09 2.612053e+09 2.800794e+09 3.614584e+09 2.836418e+09 2.069347e+09 1.013229e+09 7.345671e+08 3.172497e+09 2.740527e+09 4.243525e+09 5.472008e+09 3.491025e+09 1.772807e+09 2.447023e+09 5.487441e+09 4.330716e+09 2.487318e+09 5.495098e+09 2.601227e+09 4.290316e+09 5.383886e+09 5.588664e+09 2.006576e+09 
2.963571e+09 9.679634e+08 1.896812e+09 2.428181e+09 3.272985e+09 1.592251e+09 1.637684e+09 1.222082e+09 2.438153e+09 3.051209e+09 1.212899e+09 1.529406e+09 8.409056e+08 7.345671e+08 7.266631e+08 2.482896e+09 9.358022e+08 1.705850e+09 1.458061e+09 1.616062e+09 1.076359e+09 2.203811e+09 2.541036e+09 2.300396e+09 1.659156e+09 1.641737e+09 2.541931e+09 3.086204e+09 2.711459e+09 1.906432e+09 
5.247780e+08 4.399325e+08 6.997853e+08 3.077187e+08 7.171598e+08 8.570586e+08 4.762886e+08 4.694813e+08 8.327123e+08 6.976109e+08 9.448676e+08 9.959646e+08 3.463241e+08 4.617521e+08 5.451293e+08 5.898832e+08 3.466459e+08 3.488006e+08 2.353235e+08 1.113829e+09 3.995020e+08 1.556891e+08 3.419132e+08 1.272261e+09 5.387375e+08 5.982835e+08 1.298998e+09 4.692608e+08 9.941405e+08 3.506265e+08 
1.139262e+08 1.231808e+08 1.338800e+08 2.392519e+08 1.934899e+08 2.142787e+08 7.077135e+07 1.054580e+08 1.065950e+08 2.072651e+08 1.077235e+08 1.156754e+08 2.182059e+08 1.200100e+08 1.397890e+08 8.089613e+07 1.566135e+08 1.191665e+08 1.373474e+08 1.020709e+08 1.654033e+08 9.834282e+07 1.830645e+08 1.474362e+08 2.194071e+08 2.514191e+08 2.583715e+08 1.034642e+08 2.443963e+08 1.151184e+08 
4.523914e+07 1.289483e+07 1.276825e+07 1.990380e+07 1.401803e+07 2.889448e+07 3.499726e+07 2.097590e+07 4.609804e+07 3.825364e+07 4.512575e+07 2.326982e+07 3.908022e+07 2.539422e+07 1.957231e+07 2.790326e+07 1.513169e+07 2.871800e+07 2.301232e+07 4.025731e+07 4.347730e+07 4.442873e+07 1.232544e+07 3.369252e+07 6.935736e+07 5.403054e+07 2.566599e+07 1.748741e+07 2.767070e+07 2.325188e+07 
3.751051e+06 9.465458e+05 4.412352e+06 3.895849e+06 3.570701e+06 3.364024e+06 2.878645e+06 6.081058e+06 5.575800e+06 2.068272e+06 7.591484e+06 2.577328e+06 2.109846e+06 8.144348e+06 2.168515e+06 6.900072e+06 2.880460e+06 7.443648e+06 3.589869e+06 2.811220e+06 5.242261e+06 1.612184e+06 3.458742e+06 1.418735e+06 3.768124e+06 4.965505e+06 3.293730e+06 2.650504e+06 1.157482e+06 4.338242e+06 
1.459261e+05 2.208034e+05 1.495519e+05 3.195771e+05 2.138516e+05 1.737405e+05 4.763127e+05 2.058005e+05 2.111947e+05 1.454941e+05 1.763606e+05 3.174147e+05 1.151730e+05 5.264886e+05 3.923518e+05 3.986146e+05 1.003290e+05 2.574580e+05 2.673597e+05 2.125469e+05 1.582249e+05 1.459344e+05 1.400604e+05 1.647792e+05 2.790279e+05 2.128685e+05 1.193269e+05 2.606303e+05 1.475884e+05 3.033716e+05 
1.320014e+04 1.486795e+04 1.469181e+04 1.297953e+04 8.218104e+03 2.479364e+04 1.267537e+04 7.200371e+03 1.222758e+04 1.206094e+04 1.363153e+04 1.633348e+04 7.698992e+03 8.411317e+03 1.701144e+04 2.294187e+04 5.914945e+03 1.711155e+04 9.756199e+03 2.475352e+04 1.352164e+04 1.074377e+04 1.574876e+04 1.039977e+04 1.226028e+04 5.876001e+03 1.036920e+04 2.812096e+04 1.782548e+04 1.546044e+04 
9.716838e+02 7.200330e+02 1.876559e+03 9.304594e+02 1.047776e+03 1.604639e+03 2.598444e+03 1.086504e+03 2.305663e+03 1.307045e+03 1.171431e+03 1.596208e+03 9.118748e+02 3.769186e+03 2.530343e+03 2.050646e+03 1.697486e+03 2.184330e+03 1.310769e+03 1.445389e+03 1.147620e+03 3.792774e+03 1.644715e+03 1.849159e+03 4.338438e+02 8.330762e+02 1.380835e+03 4.018627e+03 8.247876e+02 2.045167e+03 
4.745490e+02 3.169589e+02 2.484082e+02 2.241418e+02 3.983072e+02 4.236912e+02 2.076663e+02 3.172781e+02 4.064169e+02 4.854815e+02 5.998330e+02 2.899333e+02 3.253391e+02 2.331955e+02 4.353788e+02 3.452146e+02 3.042292e+02 4.199497e+02 4.823410e+02 3.925034e+02 2.923991e+02 7.352038e+02 3.245261e+02 6.894109e+02 2.230223e+02 4.171826e+02 3.488098e+02 6.862721e+02 3.868274e+02 2.921917e+02 
3.118385e+01 1.851617e+01 2.425674e+01 2.825648e+01 3.532812e+01 1.832735e+01 1.959534e+01 1.815860e+01 2.040374e+01 1.902673e+01 2.213808e+01 2.563693e+01 1.455489e+01 2.016506e+01 2.451446e+01 2.188469e+01 9.660778e+00 3.491396e+01 1.128643e+01 1.318468e+01 2.311140e+01 2.418883e+01 1.060422e+01 1.927655e+01 1.698956e+01 2.766698e+01 1.050833e+01 1.892172e+01 1.966668e+01 1.068930e+01 
1.194743e+00 1.367033e+00 1.432318e+00 8.461311e+00 2.637839e+00 1.585234e+00 3.440412e-01 5.815030e-01 1.172504e+00 5.743139e-01 1.823704e+00 5.535270e-01 1.224461e+00 1.173690e+00 1.338014e+00 1.253381e+00 1.316683e+00 1.128110e+00 1.204490e-01 7.736692e-01 3.441880e-01 1.299640e+00 2.178298e+00 2.085493e-01 1.141349e+00 4.544897e-01 1.353807e+00 1.424492e+00 1.515691e+00 9.576941e-01 
1.000000e+06 1.000000e+06 1.000000e+06 1.000000e+06 1.000000e+06 1.000000e+06 1.000000e+06 1.000000e+06 1.000000e+06 1.000000e+06 1.000000e+06 1.000000e+06 1.000000e+06 1.000000e+06 1.000000e+06 1.000000e+06 1.000000e+06 1.000000e+06 1.000000e+06 1.000000e+06 1.000000e+06 1.000000e+06 1.000000e+06 1.000000e+06 1.000000e+06 1.000000e+06 1.000000e+06 1.000000e+06 1.000000e+06 1.000000e+06 
