2.315320e+03 1.588326e+03 1.789823e+03 1.655469e+03 1.831475e+03 1.888207e+03 2.039490e+03 1.086422e+03 1.679717e+03 2.081066e+03 1.375257e+03 1.602170e+03 1.138792e+03 8.604304e+02 1.549329e+03 1.980407e+03 1.576483e+03 1.574587e+03 1.474051e+03 2.049434e+03 1.700603e+03 9.007797e+02 9.389304e+02 9.494928e+02 1.605466e+03 1.834735e+03 2.055434e+03 1.943200e+03 1.721369e+03 2.051928e+03 
2.315320e+03 1.531461e+03 1.789823e+03 1.655469e+03 1.831475e+03 1.888207e+03 1.956760e+03 1.085591e+03 1.679717e+03 2.081066e+03 1.197887e+03 1.596833e+03 1.138792e+03 8.439262e+02 1.489436e+03 1.956310e+03 1.576483e+03 1.574587e+03 1.474051e+03 1.972723e+03 1.693599e+03 8.911568e+02 9.261086e+02 9.494928e+02 1.558070e+03 1.803189e+03 1.258010e+03 1.943200e+03 1.721369e+03 1.956931e+03 
1.602765e+03 1.127260e+03 1.660936e+03 1.655469e+03 1.059594e+03 1.434910e+03 1.912363e+03 1.085591e+03 1.325195e+03 1.803924e+03 1.119379e+03 1.596833e+03 9.913127e+02 8.439262e+02 1.484255e+03 1.956310e+03 1.178546e+03 1.549312e+03 1.355903e+03 1.677036e+03 1.642282e+03 8.911568e+02 7.407877e+02 9.494928e+02 1.558070e+03 1.720573e+03 1.242308e+03 1.935549e+03 8.190444e+02 1.956931e+03 
1.602765e+03 1.091980e+03 1.592648e+03 1.063606e+03 1.029312e+03 1.428105e+03 1.614081e+03 9.517840e+02 1.195206e+03 1.187004e+03 1.105842e+03 7.284437e+02 8.988501e+02 8.439262e+02 1.288364e+03 1.924830e+03 1.099252e+03 1.165836e+03 1.354593e+03 1.486154e+03 1.141094e+03 8.843443e+02 7.216091e+02 9.329914e+02 1.470643e+03 1.222039e+03 1.242245e+03 1.315512e+03 7.924998e+02 1.769172e+03 
1.096624e+03 1.074860e+03 1.177823e+03 9.007453e+02 9.063469e+02 1.300092e+03 1.087541e+03 9.337991e+02 1.051476e+03 1.004253e+03 1.076831e+03 7.217428e+02 8.170769e+02 7.263039e+02 1.258460e+03 1.539513e+03 1.082656e+03 8.047544e+02 9.587452e+02 1.350190e+03 7.838443e+02 7.742542e+02 7.079096e+02 8.517928e+02 1.297297e+03 1.181359e+03 1.050005e+03 1.066682e+03 7.689789e+02 1.715592e+03 
9.806987e+02 6.682700e+02 8.074219e+02 8.961954e+02 4.958861e+02 9.625609e+02 8.062713e+02 5.777234e+02 8.228290e+02 8.234960e+02 5.157808e+02 5.013657e+02 5.923093e+02 6.435670e+02 7.962609e+02 7.295306e+02 8.010188e+02 6.507896e+02 4.662095e+02 7.990198e+02 7.437015e+02 5.398464e+02 6.135582e+02 6.284079e+02 4.613343e+02 7.785605e+02 8.093924e+02 6.036040e+02 5.104233e+02 1.027001e+03 
4.323572e+02 3.911538e+02 4.086670e+02 4.307937e+02 4.127272e+02 4.176737e+02 4.321925e+02 4.232373e+02 6.052442e+02 2.930242e+02 4.498992e+02 4.024691e+02 4.707677e+02 5.089825e+02 5.593363e+02 4.629985e+02 4.009038e+02 3.618308e+02 4.094494e+02 4.735234e+02 4.723897e+02 3.533736e+02 3.317375e+02 3.944892e+02 4.097364e+02 4.731432e+02 5.416930e+02 3.480768e+02 3.106504e+02 4.045459e+02 
2.347444e+02 2.652080e+02 2.606858e+02 2.657483e+02 2.783159e+02 2.595553e+02 2.673014e+02 2.931813e+02 3.215487e+02 2.336838e+02 2.574122e+02 2.437329e+02 2.546441e+02 2.625581e+02 2.747689e+02 2.368415e+02 2.483023e+02 2.496923e+02 2.604464e+02 2.549315e+02 3.106650e+02 2.638489e+02 2.537943e+02 2.344446e+02 2.540993e+02 2.490150e+02 3.071980e+02 2.481229e+02 2.345893e+02 3.262984e+02 
2.005025e+02 2.025905e+02 1.956025e+02 1.931014e+02 2.152035e+02 1.954224e+02 2.122418e+02 2.110562e+02 1.998309e+02 1.981523e+02 2.069878e+02 1.982953e+02 2.018067e+02 1.984786e+02 1.933908e+02 2.099137e+02 1.966124e+02 1.957825e+02 2.043197e+02 1.959833e+02 2.075592e+02 2.038530e+02 1.961755e+02 2.015154e+02 1.962799e+02 2.013368e+02 1.980016e+02 1.969074e+02 2.072010e+02 2.228807e+02 
1.828361e+02 1.836822e+02 1.844757e+02 1.834551e+02 1.846151e+02 1.845705e+02 1.829747e+02 1.837148e+02 1.837045e+02 1.837194e+02 1.834336e+02 1.833514e+02 1.848773e+02 1.817997e+02 1.840752e+02 1.846276e+02 1.824399e+02 1.827029e+02 1.825833e+02 1.829280e+02 1.863725e+02 1.825091e+02 1.846082e+02 1.827246e+02 1.833599e+02 1.833856e+02 1.837428e+02 1.829110e+02 1.826873e+02 1.866681e+02 
1.809368e+02 1.812096e+02 1.811911e+02 1.810190e+02 1.810185e+02 1.817258e+02 1.810063e+02 1.812649e+02 1.812346e+02 1.816744e+02 1.808479e+02 1.815421e+02 1.812929e+02 1.808589e+02 1.813205e+02 1.813693e+02 1.813654e+02 1.810312e+02 1.808783e+02 1.810074e+02 1.817158e+02 1.809700e+02 1.813397e+02 1.809680e+02 1.814364e+02 1.811792e+02 1.818909e+02 1.811163e+02 1.809983e+02 1.814152e+02 
1.808613e+02 1.810065e+02 1.809010e+02 1.808796e+02 1.808414e+02 1.811091e+02 1.807895e+02 1.809895e+02 1.808625e+02 1.808613e+02 1.807894e+02 1.808011e+02 1.809181e+02 1.807883e+02 1.808586e+02 1.809044e+02 1.810938e+02 1.808127e+02 1.807944e+02 1.808819e+02 1.811292e+02 1.808167e+02 1.811280e+02 1.808347e+02 1.810005e+02 1.808794e+02 1.808266e+02 1.808779e+02 1.808325e+02 1.810034e+02 
1.807965e+02 1.808437e+02 1.807866e+02 1.807960e+02 1.808280e+02 1.809858e+02 1.807832e+02 1.807997e+02 1.807968e+02 1.808024e+02 1.807831e+02 1.807930e+02 1.808525e+02 1.807824e+02 1.808086e+02 1.808482e+02 1.810250e+02 1.807924e+02 1.807882e+02 1.808569e+02 1.808373e+02 1.807887e+02 1.807939e+02 1.807881e+02 1.809579e+02 1.808478e+02 1.807957e+02 1.808194e+02 1.807901e+02 1.808427e+02 
1.807943e+02 1.808093e+02 1.807852e+02 1.807829e+02 1.808006e+02 1.808537e+02 1.807828e+02 1.807873e+02 1.807901e+02 1.807908e+02 1.807826e+02 1.807889e+02 1.807915e+02 1.807821e+02 1.807919e+02 1.808018e+02 1.808274e+02 1.807893e+02 1.807837e+02 1.808024e+02 1.808091e+02 1.807828e+02 1.807917e+02 1.807848e+02 1.808587e+02 1.808135e+02 1.807906e+02 1.807924e+02 1.807857e+02 1.807870e+02 
1.807813e+02 1.807813e+02 1.807813e+02 1.807813e+02 1.807813e+02 1.807813e+02 1.807813e+02 1.807813e+02 1.807813e+02 1.807813e+02 1.807813e+02 1.807813e+02 1.807813e+02 1.807813e+02 1.807813e+02 1.807813e+02 1.807813e+02 1.807813e+02 1.807813e+02 1.807813e+02 1.807813e+02 1.807813e+02 1.807813e+02 1.807813e+02 1.807813e+02 1.807813e+02 1.807813e+02 1.807813e+02 1.807813e+02 1.807813e+02 
1.807813e+02 1.807813e+02 1.807813e+02 1.807813e+02 1.807813e+02 1.807813e+02 1.807813e+02 1.807813e+02 1.807813e+02 1.807813e+02 1.807813e+02 1.807813e+02 1.807813e+02 1.807813e+02 1.807813e+02 1.807813e+02 1.807813e+02 1.807813e+02 1.807813e+02 1.807813e+02 1.807813e+02 1.807813e+02 1.807813e+02 1.807813e+02 1.807813e+02 1.807813e+02 1.807813e+02 1.807813e+02 1.807813e+02 1.807813e+02 
1.000000e+06 1.000000e+06 1.000000e+06 1.000000e+06 1.000000e+06 1.000000e+06 1.000000e+06 1.000000e+06 1.000000e+06 1.000000e+06 1.000000e+06 1.000000e+06 1.000000e+06 1.000000e+06 1.000000e+06 1.000000e+06 1.000000e+06 1.000000e+06 1.000000e+06 1.000000e+06 1.000000e+06 1.000000e+06 1.000000e+06 1.000000e+06 1.000000e+06 1.000000e+06 1.000000e+06 1.000000e+06 1.000000e+06 1.000000e+06 
