1.017124e+04 8.441852e+03 1.247640e+04 1.284275e+04 1.179345e+04 9.380402e+03 1.170208e+04 1.194912e+04 1.106959e+04 1.193335e+04 1.089976e+04 9.769467e+03 1.226673e+04 5.954124e+03 1.090575e+04 1.096999e+04 1.277394e+04 1.241446e+04 1.377979e+04 8.961206e+03 1.005143e+04 1.305656e+04 8.754290e+03 9.435831e+03 8.012546e+03 1.297372e+04 7.908583e+03 1.200073e+04 7.222008e+03 9.119968e+03 
1.017124e+04 8.441852e+03 1.247640e+04 1.284275e+04 1.179345e+04 9.380402e+03 1.170208e+04 9.315524e+03 1.106959e+04 1.015640e+04 8.276031e+03 9.769467e+03 1.226673e+04 5.954124e+03 1.090575e+04 1.096999e+04 9.608208e+03 1.216520e+04 1.175591e+04 8.961206e+03 7.408400e+03 1.117551e+04 8.754290e+03 9.435831e+03 8.012546e+03 1.117967e+04 7.895050e+03 1.200073e+04 7.222008e+03 9.119968e+03 
1.017124e+04 8.020461e+03 1.016499e+04 8.780091e+03 9.523680e+03 9.380402e+03 1.169038e+04 9.315524e+03 1.104702e+04 8.331707e+03 8.276031e+03 9.145032e+03 9.103640e+03 5.954124e+03 1.090575e+04 1.075381e+04 9.608208e+03 1.216520e+04 6.595612e+03 8.961206e+03 7.408400e+03 7.470147e+03 8.754290e+03 9.435831e+03 8.012546e+03 1.117967e+04 7.895050e+03 1.200073e+04 5.596425e+03 9.119968e+03 
8.331848e+03 8.020461e+03 1.016499e+04 8.780091e+03 9.279598e+03 8.385493e+03 1.169038e+04 8.305656e+03 9.649275e+03 8.331707e+03 8.276031e+03 5.638574e+03 9.103640e+03 5.954124e+03 7.599069e+03 9.604591e+03 9.608208e+03 7.663347e+03 6.595612e+03 8.961206e+03 7.408400e+03 7.470147e+03 8.754290e+03 9.166204e+03 8.012546e+03 1.068907e+04 7.895050e+03 1.080860e+04 5.596425e+03 9.119968e+03 
5.468063e+03 8.020461e+03 8.233148e+03 8.640031e+03 8.930438e+03 7.281110e+03 8.547491e+03 7.694380e+03 8.441906e+03 8.331707e+03 8.276031e+03 5.520703e+03 9.103640e+03 5.954124e+03 7.291530e+03 9.604591e+03 8.364701e+03 7.663347e+03 6.595612e+03 8.237348e+03 6.571362e+03 7.470147e+03 7.892554e+03 7.686773e+03 8.012546e+03 8.643953e+03 7.895050e+03 1.080860e+04 5.172806e+03 8.993729e+03 
5.468063e+03 8.020461e+03 8.083020e+03 8.640031e+03 7.265380e+03 7.281110e+03 7.753993e+03 6.981866e+03 5.507461e+03 7.476826e+03 8.276031e+03 4.948938e+03 7.219110e+03 5.954124e+03 7.145613e+03 9.587080e+03 8.364701e+03 7.663347e+03 6.595612e+03 7.923165e+03 6.571362e+03 5.772932e+03 7.892554e+03 5.781528e+03 7.002993e+03 8.534840e+03 7.869242e+03 9.595709e+03 5.172806e+03 8.993729e+03 
4.582002e+03 6.483328e+03 6.513004e+03 4.782584e+03 5.645835e+03 7.205511e+03 6.640469e+03 6.939637e+03 4.590269e+03 5.137087e+03 6.611446e+03 4.948938e+03 6.682396e+03 5.954124e+03 7.145613e+03 7.915046e+03 6.583970e+03 7.663347e+03 5.941027e+03 7.923165e+03 5.557523e+03 5.749668e+03 6.471471e+03 4.738368e+03 7.002993e+03 7.942421e+03 5.502247e+03 7.780782e+03 2.528048e+03 6.673207e+03 
4.582002e+03 3.580267e+03 5.052388e+03 2.998114e+03 5.569338e+03 5.886337e+03 6.085517e+03 5.815592e+03 4.466338e+03 3.622057e+03 5.966299e+03 4.686145e+03 6.682396e+03 4.787905e+03 5.744601e+03 5.938792e+03 5.085352e+03 6.355652e+03 3.974682e+03 5.888439e+03 5.557523e+03 4.064662e+03 4.537205e+03 4.345926e+03 4.557698e+03 6.037765e+03 5.502247e+03 5.609655e+03 2.528048e+03 6.546932e+03 
4.265118e+03 2.999951e+03 3.436685e+03 2.708536e+03 5.308717e+03 5.758174e+03 4.734464e+03 2.156220e+03 3.232049e+03 3.443142e+03 5.960854e+03 4.627645e+03 5.210038e+03 2.732816e+03 4.743733e+03 5.509927e+03 4.550212e+03 4.639309e+03 3.925154e+03 4.109103e+03 3.573736e+03 2.881867e+03 4.187330e+03 4.082325e+03 3.905703e+03 5.798361e+03 5.169861e+03 5.059652e+03 2.028658e+03 5.488605e+03 
3.470401e+03 2.172972e+03 2.710077e+03 2.183288e+03 4.038289e+03 4.129205e+03 4.493609e+03 1.709249e+03 2.859996e+03 2.455576e+03 4.939182e+03 4.210516e+03 4.034500e+03 2.282336e+03 4.076853e+03 4.464480e+03 3.076704e+03 3.955268e+03 3.051203e+03 3.282852e+03 3.417203e+03 2.024778e+03 3.446715e+03 3.174398e+03 3.499015e+03 4.418958e+03 3.727987e+03 4.549764e+03 1.853621e+03 3.491767e+03 
3.059012e+03 1.964258e+03 2.225392e+03 1.922646e+03 3.311978e+03 2.881819e+03 2.967758e+03 1.534808e+03 2.366812e+03 2.339047e+03 3.836008e+03 3.756059e+03 3.205759e+03 2.205440e+03 2.890124e+03 3.906964e+03 2.490839e+03 3.217984e+03 2.714085e+03 2.580908e+03 2.833654e+03 1.913753e+03 3.261470e+03 2.466319e+03 3.132881e+03 3.017219e+03 2.623345e+03 3.763577e+03 1.801709e+03 3.145025e+03 
2.516657e+03 1.732685e+03 1.860307e+03 1.630592e+03 2.594767e+03 2.595871e+03 2.722346e+03 1.403273e+03 2.017472e+03 2.198384e+03 2.926111e+03 2.854822e+03 2.812972e+03 2.011180e+03 2.225096e+03 3.592639e+03 2.337192e+03 2.845197e+03 2.512786e+03 2.212674e+03 2.641717e+03 1.618395e+03 2.936062e+03 2.225489e+03 2.786640e+03 2.747318e+03 2.313965e+03 3.209858e+03 1.450008e+03 3.071653e+03 
2.291907e+03 1.609388e+03 1.599237e+03 1.388637e+03 2.280152e+03 2.266114e+03 2.350818e+03 1.257531e+03 1.987371e+03 2.039766e+03 2.651754e+03 2.388615e+03 2.680784e+03 1.565692e+03 1.922580e+03 3.150563e+03 1.937042e+03 2.688194e+03 2.314246e+03 2.049365e+03 2.435854e+03 1.424908e+03 2.564840e+03 2.082086e+03 2.348665e+03 2.326591e+03 2.079399e+03 2.929463e+03 1.169162e+03 2.804662e+03 
2.071181e+03 1.500218e+03 1.429878e+03 1.363325e+03 2.223987e+03 2.218481e+03 2.322391e+03 1.060464e+03 1.920642e+03 1.919034e+03 2.305950e+03 2.109591e+03 2.593867e+03 1.466369e+03 1.744661e+03 2.783854e+03 1.889931e+03 2.414339e+03 2.082268e+03 1.957451e+03 2.079527e+03 1.350044e+03 2.357316e+03 1.856019e+03 1.695663e+03 2.217078e+03 1.928633e+03 2.458226e+03 1.091649e+03 2.725353e+03 
1.000000e-08 1.000000e-08 1.000000e-08 1.000000e-08 1.000000e-08 1.000000e-08 1.000000e-08 1.000000e-08 1.000000e-08 1.000000e-08 1.000000e-08 1.000000e-08 1.000000e-08 1.000000e-08 1.000000e-08 1.000000e-08 1.000000e-08 1.000000e-08 1.000000e-08 1.000000e-08 1.000000e-08 1.000000e-08 1.000000e-08 1.000000e-08 1.000000e-08 1.000000e-08 1.000000e-08 1.000000e-08 1.000000e-08 1.000000e-08 
1.000000e-08 1.000000e-08 1.000000e-08 1.000000e-08 1.000000e-08 1.000000e-08 1.000000e-08 1.000000e-08 1.000000e-08 1.000000e-08 1.000000e-08 1.000000e-08 1.000000e-08 1.000000e-08 1.000000e-08 1.000000e-08 1.000000e-08 1.000000e-08 1.000000e-08 1.000000e-08 1.000000e-08 1.000000e-08 1.000000e-08 1.000000e-08 1.000000e-08 1.000000e-08 1.000000e-08 1.000000e-08 1.000000e-08 1.000000e-08 
5.409260e+05 5.372270e+05 5.430380e+05 5.450550e+05 5.412160e+05 5.408770e+05 5.397210e+05 5.464930e+05 5.411190e+05 5.420780e+05 5.407330e+05 5.400120e+05 5.434710e+05 5.433230e+05 5.410710e+05 5.385750e+05 5.396770e+05 5.445260e+05 5.402540e+05 5.380460e+05 5.435170e+05 5.453430e+05 5.405400e+05 5.444300e+05 5.394860e+05 5.422720e+05 5.413590e+05 5.433280e+05 5.419830e+05 5.407830e+05 
