4.509630e+02 4.209147e+02 5.489543e+02 4.912542e+02 6.191355e+02 3.857103e+02 3.593857e+02 3.742655e+02 4.456638e+02 5.096767e+02 5.598402e+02 4.382435e+02 6.478725e+02 5.358309e+02 5.912059e+02 6.353231e+02 4.914045e+02 5.800678e+02 6.079692e+02 5.974494e+02 4.248338e+02 3.396490e+02 3.766776e+02 2.985374e+02 4.689411e+02 4.690246e+02 4.799488e+02 5.460641e+02 5.437934e+02 4.798243e+02 
4.509630e+02 4.209147e+02 5.489543e+02 4.206158e+02 5.801987e+02 3.857103e+02 3.593857e+02 3.742655e+02 4.456638e+02 5.096767e+02 5.598402e+02 4.382435e+02 5.566452e+02 5.358309e+02 5.912059e+02 5.860546e+02 4.890367e+02 5.800678e+02 5.962939e+02 5.958074e+02 4.248338e+02 3.396490e+02 3.766776e+02 2.887678e+02 4.689411e+02 4.690246e+02 4.799488e+02 5.460641e+02 5.008793e+02 4.798243e+02 
4.037387e+02 4.209147e+02 3.426500e+02 3.913036e+02 4.624841e+02 3.857103e+02 3.593857e+02 3.742655e+02 4.012298e+02 4.477785e+02 5.152130e+02 4.168667e+02 5.006581e+02 4.680307e+02 5.912059e+02 5.436426e+02 4.554466e+02 5.770228e+02 4.746134e+02 5.958074e+02 3.863459e+02 3.396490e+02 3.766776e+02 2.835958e+02 4.161833e+02 4.686436e+02 4.799488e+02 4.861970e+02 5.008793e+02 4.798243e+02 
3.690183e+02 4.207418e+02 3.405334e+02 3.476063e+02 4.624841e+02 3.637329e+02 3.593857e+02 3.742655e+02 4.012298e+02 4.477785e+02 4.561672e+02 3.676810e+02 4.402974e+02 4.656055e+02 3.960960e+02 5.436426e+02 4.175157e+02 5.382072e+02 4.386980e+02 5.205274e+02 3.636401e+02 3.396490e+02 2.218839e+02 2.772055e+02 3.897507e+02 4.670317e+02 4.071609e+02 4.861970e+02 4.029125e+02 4.750215e+02 
2.626250e+02 4.080458e+02 3.271549e+02 3.476063e+02 3.910880e+02 3.637329e+02 3.468325e+02 3.198280e+02 3.864117e+02 4.477785e+02 4.561672e+02 2.613563e+02 4.402974e+02 3.439692e+02 3.810828e+02 4.069714e+02 3.590852e+02 4.570466e+02 4.319194e+02 4.671167e+02 2.742339e+02 3.123717e+02 2.218839e+02 2.672528e+02 3.224830e+02 3.440869e+02 3.458902e+02 4.643286e+02 3.697301e+02 4.308880e+02 
2.584503e+02 3.220935e+02 2.949877e+02 3.104851e+02 3.888978e+02 3.493303e+02 1.780798e+02 3.103482e+02 2.250715e+02 2.294061e+02 2.549505e+02 2.460245e+02 3.466056e+02 2.458605e+02 2.986325e+02 3.783128e+02 3.393668e+02 2.751026e+02 3.032288e+02 2.852590e+02 2.503816e+02 2.792793e+02 1.986375e+02 2.163010e+02 3.113165e+02 3.160581e+02 3.360216e+02 3.131283e+02 3.071345e+02 2.877062e+02 
2.398240e+02 2.135880e+02 2.122583e+02 1.966337e+02 2.274735e+02 2.179281e+02 1.446945e+02 1.997266e+02 2.195561e+02 1.489422e+02 2.243401e+02 1.889953e+02 2.062723e+02 2.098640e+02 1.810549e+02 2.214719e+02 2.244798e+02 2.264292e+02 2.348228e+02 2.364671e+02 2.280666e+02 1.569943e+02 1.666185e+02 1.693520e+02 2.645927e+02 2.011906e+02 2.851540e+02 2.270661e+02 1.829892e+02 2.811792e+02 
1.746902e+02 1.448028e+02 1.734093e+02 1.441989e+02 1.541394e+02 1.714876e+02 1.320522e+02 1.207634e+02 2.055546e+02 1.323876e+02 1.474449e+02 1.326437e+02 1.516373e+02 1.308765e+02 1.481841e+02 1.254424e+02 1.189386e+02 1.812026e+02 1.159017e+02 2.056645e+02 1.879234e+02 9.688495e+01 1.521183e+02 1.314802e+02 1.666168e+02 1.664588e+02 1.740961e+02 1.421139e+02 1.694631e+02 1.198143e+02 
1.252490e+02 1.185536e+02 6.372336e+01 1.302952e+02 1.037223e+02 1.441635e+02 1.108395e+02 1.034295e+02 1.311513e+02 9.066553e+01 1.155955e+02 1.196863e+02 7.999082e+01 1.163265e+02 1.111973e+02 5.688395e+01 8.563449e+01 1.255392e+02 8.390301e+01 8.219639e+01 1.001385e+02 7.311316e+01 1.148120e+02 1.134389e+02 1.247438e+02 1.095764e+02 1.102749e+02 1.090309e+02 7.962019e+01 1.128839e+02 
1.060120e+02 8.705356e+01 4.371709e+01 6.132311e+01 7.092283e+01 9.068238e+01 7.287223e+01 7.027989e+01 9.480931e+01 8.143690e+01 8.604170e+01 8.547614e+01 7.591349e+01 5.454649e+01 9.112041e+01 4.828934e+01 6.478853e+01 1.075508e+02 8.104866e+01 7.306997e+01 7.016484e+01 6.057625e+01 5.936540e+01 8.622741e+01 6.906735e+01 6.637761e+01 6.592078e+01 9.201493e+01 6.769624e+01 1.005509e+02 
5.847801e+01 5.735756e+01 4.118417e+01 4.653398e+01 4.776642e+01 6.171455e+01 5.774476e+01 5.047841e+01 6.230177e+01 6.014521e+01 5.299371e+01 5.595771e+01 5.645919e+01 4.765238e+01 6.350284e+01 4.650735e+01 5.163069e+01 5.479359e+01 5.476081e+01 4.872667e+01 5.558887e+01 3.440066e+01 4.831638e+01 5.757722e+01 4.436098e+01 4.242203e+01 5.575903e+01 4.551323e+01 5.317979e+01 7.268480e+01 
3.873293e+01 4.885846e+01 3.076862e+01 3.695399e+01 3.181478e+01 2.636378e+01 4.462349e+01 3.961246e+01 4.544353e+01 3.434254e+01 2.893885e+01 4.667079e+01 5.286755e+01 3.737227e+01 3.736715e+01 3.545649e+01 3.882074e+01 3.244331e+01 3.601251e+01 3.673466e+01 3.138280e+01 2.510429e+01 3.820821e+01 4.332077e+01 3.668413e+01 3.940160e+01 4.379354e+01 3.687539e+01 4.111921e+01 3.540144e+01 
3.342188e+01 4.726988e+01 2.980571e+01 2.670625e+01 2.462709e+01 2.559804e+01 3.862219e+01 3.169889e+01 2.524107e+01 2.984623e+01 2.164037e+01 4.098903e+01 3.821332e+01 3.309332e+01 3.075791e+01 3.093055e+01 3.365866e+01 3.063418e+01 2.793055e+01 2.547388e+01 2.745311e+01 2.386730e+01 3.133270e+01 3.552038e+01 3.213990e+01 2.709054e+01 3.884703e+01 2.541517e+01 3.132429e+01 2.591947e+01 
2.762791e+01 3.881682e+01 2.679874e+01 1.187953e+01 2.225577e+01 2.390496e+01 3.189741e+01 2.610558e+01 2.441025e+01 1.957008e+01 1.015243e+01 2.631693e+01 2.995217e+01 3.093468e+01 2.650806e+01 2.603906e+01 2.511152e+01 2.350994e+01 2.256159e+01 2.371660e+01 2.324503e+01 2.345182e+01 2.705473e+01 3.239940e+01 2.563711e+01 2.637472e+01 2.394017e+01 2.314455e+01 2.710021e+01 2.330831e+01 
2.598845e+01 2.810149e+01 2.224018e+01 7.555081e+00 2.206562e+01 2.369314e+01 2.725563e+01 2.085590e+01 2.258763e+01 1.849040e+01 7.149822e+00 2.527723e+01 2.633067e+01 2.587172e+01 2.537926e+01 2.569747e+01 2.172846e+01 2.204064e+01 2.247438e+01 2.162562e+01 2.257599e+01 2.151785e+01 2.315604e+01 2.532843e+01 2.403184e+01 2.254036e+01 2.325700e+01 2.227296e+01 2.409986e+01 2.308373e+01 
2.099478e+01 2.614266e+00 2.031217e+01 1.989918e+00 2.614278e+00 1.307132e+00 1.989937e+00 2.031217e+01 2.031217e+01 1.849040e+01 7.149822e+00 2.302105e+00 1.489558e+01 1.989918e+00 2.031217e+01 2.099417e+01 9.949728e-01 1.307133e+00 1.768875e+01 2.031217e+01 2.062298e+01 9.949591e-01 9.949591e-01 9.950787e-01 2.130713e+01 3.297051e+00 2.130713e+01 9.949591e-01 2.000012e+01 9.026430e+00 
1.000000e+06 1.000000e+06 1.000000e+06 1.000000e+06 1.000000e+06 1.000000e+06 1.000000e+06 1.000000e+06 1.000000e+06 1.000000e+06 1.000000e+06 1.000000e+06 1.000000e+06 1.000000e+06 1.000000e+06 1.000000e+06 1.000000e+06 1.000000e+06 1.000000e+06 1.000000e+06 1.000000e+06 1.000000e+06 1.000000e+06 1.000000e+06 1.000000e+06 1.000000e+06 1.000000e+06 1.000000e+06 1.000000e+06 1.000000e+06 
