5.679641e+03 2.824278e+03 5.314935e+03 6.147713e+03 5.420361e+03 5.621742e+03 5.080667e+03 5.420154e+03 5.473876e+03 6.145168e+03 5.679196e+03 5.304375e+03 5.600656e+03 5.948726e+03 5.592058e+03 4.972501e+03 5.575317e+03 5.129716e+03 5.586986e+03 6.004505e+03 5.459080e+03 5.287923e+03 5.294133e+03 6.216720e+03 5.458589e+03 5.777534e+03 5.210486e+03 5.614810e+03 5.863642e+03 5.163034e+03 
5.530995e+03 2.512167e+03 5.314935e+03 5.857043e+03 5.420361e+03 5.583016e+03 5.080667e+03 5.420154e+03 5.473876e+03 6.145168e+03 5.569214e+03 5.304375e+03 5.600656e+03 5.895617e+03 5.549209e+03 4.972501e+03 4.602274e+03 5.129716e+03 5.406499e+03 6.004505e+03 5.459080e+03 5.177885e+03 5.052978e+03 6.216720e+03 5.458589e+03 5.151636e+03 5.210486e+03 5.614810e+03 5.863642e+03 4.775233e+03 
5.139251e+03 2.376743e+03 5.314935e+03 5.732604e+03 5.271494e+03 1.599950e+03 5.045015e+03 5.420154e+03 5.074494e+03 5.972455e+03 5.399023e+03 5.198952e+03 5.397553e+03 5.715376e+03 5.236814e+03 4.972501e+03 4.276145e+03 5.129716e+03 5.189972e+03 5.707832e+03 5.083753e+03 4.992269e+03 4.768799e+03 6.033330e+03 5.458589e+03 4.977009e+03 5.210486e+03 5.275600e+03 5.593029e+03 4.775233e+03 
4.806286e+03 9.983431e+02 5.133077e+03 5.353824e+03 4.999599e+03 1.534378e+03 4.540090e+03 4.908514e+03 4.932481e+03 5.546052e+03 4.923207e+03 5.198952e+03 5.132056e+03 5.304671e+03 5.143459e+03 4.659049e+03 3.675141e+03 5.129716e+03 3.883648e+03 4.964582e+03 4.883641e+03 4.631108e+03 4.225148e+03 4.252148e+03 5.014628e+03 3.852383e+03 4.458968e+03 5.275600e+03 5.105888e+03 4.215194e+03 
1.318944e+03 3.982812e+02 4.808934e+03 4.810578e+03 4.617005e+03 1.170532e+03 3.639481e+03 4.843589e+03 4.136842e+03 4.466818e+03 4.460565e+03 4.902273e+03 4.299792e+03 5.178305e+02 4.606457e+03 3.946829e+03 8.947812e+02 4.909487e+03 3.610516e+03 1.480669e+03 4.704008e+03 4.613396e+03 4.032565e+03 1.183393e+03 4.668869e+03 3.311565e+03 4.228890e+03 2.619991e+03 4.841320e+03 1.324527e+03 
1.186522e+03 2.804266e+02 4.101609e+03 3.050380e+03 1.307878e+03 1.129961e+03 2.920981e+03 2.129573e+03 9.946210e+02 1.017104e+03 3.601287e+03 2.514668e+03 2.445248e+03 2.371713e+02 3.017657e+03 1.233738e+03 4.115486e+02 4.122984e+03 1.011591e+03 1.406654e+03 1.638093e+03 6.504720e+02 3.355872e+03 3.058868e+02 1.767556e+03 2.275561e+03 1.648691e+03 3.801433e+02 4.424452e+03 8.737526e+02 
3.632849e+02 1.479698e+02 2.037038e+03 2.982797e+02 3.749112e+02 2.716042e+02 4.875828e+02 1.944452e+02 1.966313e+02 4.636425e+02 2.149010e+02 1.420871e+03 2.987654e+02 1.516121e+02 4.996097e+02 5.115634e+02 1.510993e+02 3.056279e+03 3.599059e+02 1.937309e+02 2.018566e+02 2.551938e+02 7.447444e+02 1.815316e+02 2.033375e+02 2.594353e+02 2.098657e+02 2.407351e+02 1.974832e+02 1.584075e+02 
1.575639e+02 1.191894e+02 1.310714e+02 1.738762e+02 1.388637e+02 1.526707e+02 1.747171e+02 1.275303e+02 1.401124e+02 1.499080e+02 1.593141e+02 1.468220e+02 1.592532e+02 1.435953e+02 1.834298e+02 1.505774e+02 1.252810e+02 4.337301e+02 1.407463e+02 1.292551e+02 1.573589e+02 1.663518e+02 1.689324e+02 1.383846e+02 1.317474e+02 1.942987e+02 1.438737e+02 1.466435e+02 1.539803e+02 1.282674e+02 
1.200644e+02 1.120752e+02 1.153253e+02 1.248905e+02 1.157484e+02 1.340475e+02 1.188549e+02 1.072233e+02 1.156337e+02 1.284039e+02 1.181515e+02 1.272555e+02 1.182504e+02 1.140385e+02 1.353381e+02 1.170152e+02 1.117096e+02 1.294037e+02 1.105233e+02 1.160842e+02 1.225601e+02 1.271788e+02 1.090547e+02 1.069889e+02 1.168871e+02 1.350631e+02 1.147562e+02 1.202642e+02 1.348135e+02 1.162522e+02 
1.021307e+02 1.017264e+02 1.017368e+02 1.059538e+02 1.023943e+02 1.076102e+02 1.018698e+02 1.012591e+02 1.022765e+02 1.106217e+02 1.024881e+02 1.031169e+02 1.044026e+02 1.022105e+02 1.092005e+02 1.029845e+02 1.017629e+02 1.023758e+02 1.042647e+02 1.019617e+02 1.063949e+02 1.136452e+02 1.021023e+02 1.017481e+02 1.017147e+02 1.108818e+02 1.037952e+02 1.052118e+02 1.074236e+02 1.033459e+02 
6.379419e+01 1.010101e+02 2.819175e+01 1.013432e+02 1.014561e+02 5.787212e+01 9.111681e+01 1.007282e+02 7.513902e+01 8.580519e+01 5.998466e+01 8.177200e+01 4.269807e+01 1.008963e+02 5.652955e+01 8.531536e+01 1.008816e+02 3.851843e+01 6.066655e+01 1.008609e+02 6.770379e+01 1.011224e+02 1.012506e+02 7.893151e+01 2.697777e+01 4.435768e+01 3.914583e+01 7.834316e+01 3.569343e+01 1.009614e+02 
3.456587e+00 5.249857e+00 2.147489e-01 3.700198e+00 1.115849e+00 3.145170e-01 3.365210e+00 4.416563e+00 1.404061e+00 5.569858e-01 4.466880e-01 5.185984e-01 3.623879e-01 1.564818e+00 5.910174e-01 2.419338e+00 2.574761e+00 8.910565e-02 3.726877e-01 3.003309e+00 1.002613e+00 1.792782e+00 1.427570e+01 4.446044e-01 1.451215e-01 3.379020e-01 3.741307e-01 3.110782e-01 1.143596e-01 6.559988e+00 
3.382047e-08 6.399546e-07 1.000000e-08 1.639592e-08 1.000000e-08 1.000000e-08 1.000000e-08 2.820484e-07 1.000000e-08 1.000000e-08 1.000000e-08 1.000000e-08 1.000000e-08 1.000000e-08 1.000000e-08 1.143462e-08 1.000000e-08 1.000000e-08 1.000000e-08 2.287970e-08 1.000000e-08 1.000000e-08 8.067278e-06 1.000000e-08 1.000000e-08 1.000000e-08 1.000000e-08 1.000000e-08 1.000000e-08 1.603203e-07 
1.000000e-08 1.000000e-08 1.000000e-08 1.000000e-08 1.000000e-08 1.000000e-08 1.000000e-08 1.000000e-08 1.000000e-08 1.000000e-08 1.000000e-08 1.000000e-08 1.000000e-08 1.000000e-08 1.000000e-08 1.000000e-08 1.000000e-08 1.000000e-08 1.000000e-08 1.000000e-08 1.000000e-08 1.000000e-08 1.000000e-08 1.000000e-08 1.000000e-08 1.000000e-08 1.000000e-08 1.000000e-08 1.000000e-08 1.000000e-08 
1.000000e-08 1.000000e-08 1.000000e-08 1.000000e-08 1.000000e-08 1.000000e-08 1.000000e-08 1.000000e-08 1.000000e-08 1.000000e-08 1.000000e-08 1.000000e-08 1.000000e-08 1.000000e-08 1.000000e-08 1.000000e-08 1.000000e-08 1.000000e-08 1.000000e-08 1.000000e-08 1.000000e-08 1.000000e-08 1.000000e-08 1.000000e-08 1.000000e-08 1.000000e-08 1.000000e-08 1.000000e-08 1.000000e-08 1.000000e-08 
1.000000e-08 1.000000e-08 1.000000e-08 1.000000e-08 1.000000e-08 1.000000e-08 1.000000e-08 1.000000e-08 1.000000e-08 1.000000e-08 1.000000e-08 1.000000e-08 1.000000e-08 1.000000e-08 1.000000e-08 1.000000e-08 1.000000e-08 1.000000e-08 1.000000e-08 1.000000e-08 1.000000e-08 1.000000e-08 1.000000e-08 1.000000e-08 1.000000e-08 1.000000e-08 1.000000e-08 1.000000e-08 1.000000e-08 1.000000e-08 
1.678320e+05 1.767620e+05 1.387570e+05 1.675800e+05 1.609370e+05 1.448850e+05 1.644720e+05 1.723630e+05 1.594070e+05 1.454010e+05 1.465190e+05 1.467770e+05 1.434230e+05 1.557520e+05 1.471210e+05 1.664040e+05 1.625400e+05 1.383220e+05 1.464330e+05 1.685040e+05 1.553270e+05 1.611070e+05 1.867510e+05 1.467770e+05 1.376260e+05 1.478950e+05 1.476370e+05 1.452290e+05 1.369300e+05 1.739400e+05 
