1.40643073e+02	1.78339167e+02	3.52127322e+02	2.64138420e+02	5.89800365e+01	1.12535527e+02	1.33520325e+02	2.27194756e+02	1.60304197e+02	6.80897292e+01	1.98125341e+02	2.34417129e+02	7.54151317e+01	1.69422756e+02	9.97412019e+01	1.19528981e+02	2.83672598e+02	3.07101281e+02	1.56427709e+02	2.00651192e+02	1.22571286e+02	1.30946341e+02	2.13414391e+02	1.66448263e+02	2.26800262e+02	5.06250113e+02	1.31788605e+02	8.38162354e+01	1.86257062e+02	4.40018632e+02
1.40643073e+02	5.46683728e+01	5.57022122e+01	5.42506454e+01	5.89800365e+01	8.65333360e+01	1.33520325e+02	9.91348459e+01	6.54527736e+01	6.80897292e+01	1.50036343e+02	1.27987888e+02	7.54151317e+01	8.13739559e+01	9.97412019e+01	5.08653940e+01	1.07863288e+02	2.37274204e+02	5.73787892e+01	1.56761990e+02	1.22571286e+02	1.10947926e+02	9.36818576e+01	1.21779214e+02	2.26800262e+02	2.86678050e+02	5.79776425e+01	8.38161116e+01	1.14302811e+02	2.09486961e+02
5.40571729e+01	5.20724257e+01	4.64148497e+01	5.42506454e+01	5.89800365e+01	8.34686305e+01	6.40345497e+01	5.31508117e+01	6.54527736e+01	6.80897292e+01	4.93790011e+01	1.27987888e+02	7.54151317e+01	8.13739559e+01	9.97412019e+01	5.08653940e+01	7.69942751e+01	9.64885428e+01	4.90740675e+01	5.98659073e+01	6.34401487e+01	5.13376245e+01	9.08127089e+01	5.84969679e+01	8.60272514e+01	7.03944392e+01	4.34138735e+01	7.24733924e+01	5.35799942e+01	1.95276118e+02
5.40571729e+01	3.04701041e+01	4.64148497e+01	3.83659623e+01	4.02133491e+01	8.34686305e+01	6.40345497e+01	5.26712363e+01	6.31147307e+01	4.40356278e+01	3.87332940e+01	7.77717968e+01	7.54151317e+01	6.49330117e+01	9.97412019e+01	5.08653940e+01	7.69942751e+01	9.64885428e+01	4.90740675e+01	5.37369737e+01	6.11192869e+01	5.13376245e+01	9.08127089e+01	5.03744382e+01	7.68234779e+01	5.63860812e+01	4.34138735e+01	5.49253903e+01	4.38700321e+01	7.82653348e+01
5.40571729e+01	3.04701041e+01	3.81826588e+01	3.83549431e+01	4.02133491e+01	4.97842453e+01	5.92101923e+01	5.26712363e+01	3.61947179e+01	3.52137277e+01	3.67284845e+01	5.00453743e+01	4.63876593e+01	4.15251264e+01	4.69420352e+01	4.19813757e+01	4.45538989e+01	4.33817087e+01	3.77915742e+01	3.02383810e+01	6.11192869e+01	5.13376245e+01	4.27946026e+01	4.06767462e+01	3.96790538e+01	4.78767564e+01	4.08380040e+01	3.75733204e+01	3.93451965e+01	4.37293791e+01
5.16837006e+01	3.04701041e+01	3.81826588e+01	3.29495194e+01	3.56260085e+01	2.90676452e+01	4.21991843e+01	3.81329029e+01	3.36070131e+01	3.42168068e+01	3.29030757e+01	3.84245983e+01	4.34866705e+01	4.06760583e+01	3.94981809e+01	4.19813757e+01	3.21774468e+01	4.33817087e+01	3.35096235e+01	3.02383810e+01	4.38258855e+01	3.37506704e+01	3.21633775e+01	3.27800270e+01	3.64178034e+01	3.43000131e+01	3.98886764e+01	3.37206811e+01	3.08133853e+01	4.02392906e+01
4.15676301e+01	3.00972600e+01	2.80189095e+01	2.58558250e+01	2.95635646e+01	2.90016047e+01	3.72124413e+01	3.06787172e+01	3.11533788e+01	3.42168068e+01	3.17824700e+01	3.44430520e+01	2.93435294e+01	3.28135857e+01	2.95293694e+01	3.40020586e+01	3.18863249e+01	3.28566035e+01	3.34176475e+01	3.02383810e+01	3.15130491e+01	3.37506704e+01	3.17172605e+01	3.27800270e+01	2.99563508e+01	3.25342270e+01	2.99738523e+01	2.97375377e+01	2.71255373e+01	3.22661472e+01
3.32041364e+01	2.71835923e+01	2.77090263e+01	2.58086832e+01	2.83484460e+01	2.51081716e+01	2.83310620e+01	2.97819762e+01	2.83732954e+01	2.95976982e+01	2.91939155e+01	3.11581845e+01	2.69069195e+01	2.81686840e+01	2.65338876e+01	3.21385810e+01	2.79309299e+01	3.02570981e+01	2.85250909e+01	2.31385992e+01	3.13352822e+01	2.93151614e+01	2.59918250e+01	3.04012569e+01	2.82302520e+01	3.04147641e+01	2.99738523e+01	2.97318193e+01	2.71255373e+01	2.97793700e+01
2.86060191e+01	2.71835923e+01	2.76999577e+01	2.58086832e+01	2.69566846e+01	2.47568108e+01	2.55937242e+01	2.80352652e+01	2.32262638e+01	2.60695356e+01	2.73830308e+01	2.40286865e+01	2.69069195e+01	2.81686840e+01	2.40030141e+01	2.97743222e+01	2.74625335e+01	2.98041070e+01	2.20809049e+01	1.65553114e+01	2.74039672e+01	2.78407756e+01	2.29180202e+01	2.80419813e+01	2.81223992e+01	2.69937672e+01	2.88867887e+01	2.18459669e+01	2.56165358e+01	2.62146449e+01
2.73876642e+01	2.52225710e+01	2.49180000e+01	2.47978411e+01	2.13146840e+01	1.64618103e+01	1.97359839e+01	2.41912663e+01	2.19798720e+01	2.31743929e+01	2.51282579e+01	1.75274661e+01	1.64616463e+01	2.68287992e+01	1.84562821e+01	2.46476442e+01	2.49233713e+01	2.68502107e+01	2.05496063e+01	1.56663230e+01	2.45787928e+01	1.46966277e+01	2.05848336e+01	2.22024359e+01	2.58137872e+01	2.43664117e+01	2.23688853e+01	2.18459669e+01	2.36639592e+01	2.37749420e+01
2.33152676e+01	2.40472706e+01	2.17160148e+01	1.75859373e+01	1.82908842e+01	1.39970176e+01	1.77747815e+01	1.98270186e+01	1.34842669e+01	1.56324984e+01	2.25318679e+01	1.46833441e+01	1.20597002e+01	2.32672175e+01	1.24661989e+01	2.30125121e+01	2.22524522e+01	2.30844472e+01	1.51807474e+01	1.44104255e+01	2.38399200e+01	1.32266452e+01	1.48480943e+01	1.04565944e+01	2.49178643e+01	2.30962012e+01	1.89908969e+01	1.24193763e+01	6.21834919e+00	1.79853958e+01
1.86102545e+01	2.30150363e+01	1.27424673e+01	1.53416254e+01	1.72468027e+01	1.20800083e+01	1.36741474e+01	1.23812254e+01	1.16428687e+01	1.13595309e+01	1.43941499e+01	1.15341119e+01	7.13679448e+00	2.24805193e+01	9.21190181e+00	2.27770314e+01	2.00352872e+01	2.00946001e+01	4.41603840e+00	9.57552496e+00	2.04415480e+01	9.28719967e+00	1.32568943e+01	9.17201418e+00	1.49454917e+01	2.05518698e+01	1.42120377e+01	1.12438181e+01	5.57934501e+00	7.79737769e+00
8.09901203e+00	9.00423331e+00	5.75049810e+00	1.23806684e+01	9.52709234e+00	8.31471722e+00	9.47603799e+00	9.13291625e+00	5.82302366e+00	1.00034964e+01	9.36731781e+00	8.54654367e+00	4.95932393e+00	1.43669156e+01	5.19529225e+00	1.05415083e+01	2.62654821e+00	9.04697671e+00	3.27466674e+00	3.84601597e+00	1.76406046e+01	5.37911007e+00	6.32965893e+00	4.20627722e+00	7.84889685e+00	1.38214125e+01	8.49733538e+00	7.44781252e+00	5.55121912e+00	4.94696641e+00
2.26692240e+00	4.24636864e+00	3.11031737e+00	4.06910273e+00	4.33496907e+00	5.47454401e+00	2.89461161e+00	8.39207500e+00	1.92876057e+00	3.20148290e+00	5.48215641e+00	1.94293489e+00	4.54358448e+00	9.58886949e+00	1.26705583e+00	4.84998900e+00	1.53268755e+00	5.34781672e+00	1.34885578e+00	1.76461288e+00	5.90046010e+00	2.21583445e+00	2.31322698e+00	2.39481729e+00	4.93146186e+00	1.03903087e+01	3.92131949e+00	1.30803179e+00	3.84728970e+00	2.45952532e+00
5.47773291e-01	2.29336252e+00	6.86304236e-01	7.77325135e-01	1.03121127e+00	6.79122598e-01	5.13333213e-01	5.89860893e-01	6.12138545e-01	6.05278759e-01	1.72013579e+00	2.94493871e-01	8.03844042e-01	2.62834206e+00	4.53540459e-01	4.39684252e+00	6.98239511e-01	6.39470950e-01	3.43199607e-01	4.49085477e-01	1.34380809e+00	4.88835590e-01	2.90538346e-01	4.13638506e-01	8.45908743e-01	1.35845057e+00	4.63605768e-01	6.47406416e-01	5.36920439e-01	5.44608888e-01
1.50178106e-01	1.72937303e-01	2.35663161e-01	1.03156384e-01	1.24668157e-01	2.19236893e-02	7.08616739e-02	8.60065896e-02	1.07311762e-01	1.92309599e-01	5.24880620e-02	8.83260376e-02	1.61682324e-01	2.24509024e-01	1.09119876e-01	4.12261298e-02	1.62896951e-01	2.30147603e-01	3.76602208e-02	1.41553069e-01	1.21130826e-01	2.09195837e-02	7.31378010e-03	1.02635628e-01	1.18167994e-01	2.16561758e-01	1.70113494e-01	1.45028958e-01	9.40578164e-02	1.47010520e-01
2.00000000e+05	2.00000000e+05	2.00000000e+05	2.00000000e+05	2.00000000e+05	2.00000000e+05	2.00000000e+05	2.00000000e+05	2.00000000e+05	2.00000000e+05	2.00000000e+05	2.00000000e+05	2.00000000e+05	2.00000000e+05	2.00000000e+05	2.00000000e+05	2.00000000e+05	2.00000000e+05	2.00000000e+05	2.00000000e+05	2.00000000e+05	2.00000000e+05	2.00000000e+05	2.00000000e+05	2.00000000e+05	2.00000000e+05	2.00000000e+05	2.00000000e+05	2.00000000e+05	2.00000000e+05
