1.049707e+02 4.566421e+02 9.281739e+01 1.785676e+02 2.130250e+02 2.978315e+02 5.213657e+01 2.982303e+02 5.431518e+02 3.455524e+02 2.227725e+02 1.619950e+02 1.646736e+02 1.406533e+02 9.855554e+01 3.196079e+02 3.852172e+02 4.467498e+02 4.535382e+02 8.869232e+01 4.554025e+02 1.030084e+02 7.013845e+01 3.266964e+02 2.019036e+02 3.863670e+02 2.292165e+02 3.763397e+02 3.296125e+02 9.468530e+01 
1.049707e+02 4.542058e+02 5.093931e+01 1.634965e+02 2.130250e+02 2.079162e+02 5.213657e+01 2.141726e+02 1.826443e+02 3.436647e+02 2.049028e+02 1.619950e+02 1.630505e+02 6.369527e+01 9.676832e+01 3.196079e+02 3.852172e+02 2.250853e+02 4.534097e+02 7.872440e+01 3.290680e+02 1.023751e+02 5.281815e+01 3.044384e+02 1.810654e+02 2.858107e+02 2.292165e+02 3.753110e+02 3.227470e+02 5.199565e+01 
1.049707e+02 1.457312e+02 5.047330e+01 1.599318e+02 8.204476e+01 1.663879e+02 5.213657e+01 2.068680e+02 6.901980e+01 1.827084e+02 2.049028e+02 1.619950e+02 1.173677e+02 5.873175e+01 9.676832e+01 3.125687e+02 2.844157e+02 2.227551e+02 2.443038e+02 7.872440e+01 1.890735e+02 9.367569e+01 5.281815e+01 7.599894e+01 1.810654e+02 1.933337e+02 2.292165e+02 1.080536e+02 3.122583e+02 4.550747e+01 
1.049707e+02 1.457312e+02 5.047330e+01 1.054664e+02 5.140765e+01 1.663879e+02 5.213657e+01 1.922697e+02 6.901980e+01 1.331269e+02 1.948184e+02 1.619950e+02 1.173677e+02 3.602546e+01 9.676832e+01 1.455424e+02 1.396041e+02 1.054515e+02 2.355401e+02 7.698485e+01 1.890735e+02 9.367569e+01 5.213388e+01 7.599894e+01 1.487206e+02 1.916835e+02 1.586669e+02 1.080536e+02 1.368009e+02 4.257299e+01 
7.632148e+01 1.366253e+02 4.657610e+01 7.969023e+01 4.744338e+01 1.003365e+02 3.767540e+01 5.522109e+01 6.901980e+01 5.913985e+01 1.026061e+02 1.600960e+02 6.295881e+01 3.602546e+01 9.001479e+01 5.140856e+01 5.681193e+01 7.912070e+01 1.041225e+02 5.300650e+01 5.631173e+01 8.698928e+01 4.261953e+01 4.350453e+01 7.314848e+01 6.508068e+01 1.324615e+02 6.428381e+01 7.796675e+01 4.119432e+01 
5.061623e+01 4.848533e+01 4.414043e+01 7.024550e+01 3.277596e+01 4.585872e+01 3.638437e+01 4.216330e+01 5.931325e+01 5.166233e+01 7.665070e+01 6.483133e+01 4.615672e+01 3.576419e+01 3.860015e+01 4.421816e+01 5.396630e+01 5.952912e+01 3.437503e+01 3.504401e+01 4.644736e+01 5.310525e+01 2.784151e+01 4.212872e+01 4.378425e+01 4.538561e+01 7.301095e+01 4.691281e+01 5.355645e+01 4.062109e+01 
3.430883e+01 3.411124e+01 3.888551e+01 3.611736e+01 3.184868e+01 3.812525e+01 3.301245e+01 3.787569e+01 3.531543e+01 3.224922e+01 3.165299e+01 3.457958e+01 3.177029e+01 3.196335e+01 3.463634e+01 3.684444e+01 3.083442e+01 3.117450e+01 3.079911e+01 2.958735e+01 3.479157e+01 4.887022e+01 2.784151e+01 3.548767e+01 2.565632e+01 4.486122e+01 4.066833e+01 3.707481e+01 3.388683e+01 3.492618e+01 
2.896788e+01 2.817059e+01 2.910390e+01 3.327625e+01 2.784640e+01 2.846535e+01 3.025548e+01 3.149661e+01 2.894221e+01 3.176001e+01 3.110732e+01 2.666884e+01 2.856563e+01 2.971009e+01 2.921297e+01 3.101532e+01 2.961649e+01 2.828195e+01 2.799325e+01 2.828990e+01 2.611094e+01 2.664315e+01 2.757089e+01 2.780623e+01 2.325282e+01 2.594308e+01 3.161911e+01 2.633575e+01 2.983926e+01 2.645360e+01 
2.383955e+01 2.601142e+01 2.565792e+01 2.833037e+01 2.448402e+01 2.651689e+01 2.555175e+01 2.454897e+01 2.568622e+01 2.680669e+01 2.720998e+01 2.611261e+01 2.497219e+01 2.522966e+01 2.721346e+01 2.726570e+01 2.693579e+01 2.550664e+01 2.390390e+01 2.689733e+01 2.367678e+01 2.498187e+01 2.471920e+01 2.553939e+01 2.325282e+01 2.594308e+01 2.229995e+01 2.368219e+01 2.462286e+01 2.239124e+01 
2.339270e+01 8.731515e+00 2.397453e+01 2.336948e+01 2.238358e+01 2.427852e+01 2.494820e+01 2.081201e+01 2.448651e+01 2.546241e+01 2.310709e+01 2.395694e+01 2.341069e+01 2.357982e+01 1.706813e+01 2.434730e+01 2.468655e+01 2.392718e+01 2.173708e+01 2.419783e+01 2.310759e+01 1.960931e+01 2.395100e+01 2.253608e+01 2.297418e+01 2.410352e+01 1.995056e+01 2.356079e+01 2.393311e+01 1.408739e+01 
1.784620e+01 8.139966e+00 2.090119e+01 2.336948e+01 2.185631e+01 2.274155e+01 2.167232e+01 1.601725e+01 2.146762e+01 2.432904e+01 2.287359e+01 1.640291e+01 2.063367e+01 2.305012e+01 1.697278e+01 2.178799e+01 2.270804e+01 2.326598e+01 2.085751e+01 2.198027e+01 2.253724e+01 1.251569e+01 2.194627e+01 2.200386e+01 2.244871e+01 2.141540e+01 1.836786e+01 2.221781e+01 2.237252e+01 1.258099e+01 
1.731733e+01 6.396229e+00 1.765904e+01 2.172818e+01 2.141339e+01 2.195873e+01 1.881190e+01 9.745436e+00 1.804805e+01 2.187629e+01 2.082696e+01 1.513719e+01 2.043391e+01 2.214307e+01 1.584207e+01 2.126370e+01 2.216184e+01 2.166389e+01 1.818172e+01 1.564251e+01 2.096178e+01 1.172576e+01 2.095651e+01 1.816380e+01 2.183150e+01 2.105881e+01 1.615447e+01 2.148196e+01 2.040826e+01 1.101908e+01 
1.483957e+01 6.030168e+00 9.953563e+00 2.067155e+01 1.863453e+01 2.082363e+01 1.773280e+01 8.981287e+00 1.361345e+01 2.121233e+01 2.036363e+01 9.003803e+00 1.544816e+01 1.743868e+01 1.445973e+01 1.756739e+01 1.653716e+01 2.010621e+01 1.736578e+01 1.368695e+01 1.902212e+01 1.128122e+01 1.886712e+01 1.570817e+01 1.935628e+01 2.101425e+01 1.606773e+01 1.518701e+01 1.867071e+01 9.127176e+00 
1.243619e+01 4.938785e+00 4.858330e+00 3.531504e+00 1.811699e+01 2.034747e+01 1.741655e+01 7.096841e+00 8.348549e+00 2.087356e+01 6.755400e+00 7.578097e+00 1.331293e+01 1.491951e+01 1.382417e+01 8.822047e+00 7.620938e+00 1.835290e+01 1.653725e+01 1.361059e+01 1.805669e+01 6.557415e+00 1.655944e+01 1.464248e+01 1.809420e+01 2.023199e+01 1.309044e+01 1.386096e+01 1.674064e+01 8.499455e+00 
8.599806e+00 3.893649e+00 4.251705e+00 5.922149e-01 3.413941e+00 5.232047e+00 7.613629e+00 4.668743e+00 6.310041e+00 1.150074e+01 6.731723e+00 2.310669e+00 6.274289e+00 9.958818e+00 1.163660e+01 8.012702e+00 6.702866e+00 7.827817e+00 9.822289e+00 6.005711e+00 1.269320e+01 3.181681e+00 1.587584e+01 4.637247e+00 5.337543e+00 1.247026e+01 7.181708e+00 7.185094e+00 1.664167e+01 4.920899e+00 
1.126951e-02 4.538246e-03 9.838436e-03 3.962504e-03 2.019654e-02 2.779116e-02 9.635011e-04 2.302760e-02 8.892329e-01 4.936419e-02 9.016286e-05 1.975339e-02 2.226384e-03 7.573846e-01 2.643575e-01 3.649392e-03 7.367547e-01 1.094768e-01 2.524446e-02 6.671527e-04 6.246185e-01 6.249953e-03 6.244859e-01 7.090676e-01 6.679813e-04 4.991456e-02 1.923681e-01 1.983136e-02 6.248705e-01 7.762167e-04 
2.000000e+05 2.000000e+05 2.000000e+05 2.000000e+05 2.000000e+05 2.000000e+05 2.000000e+05 2.000000e+05 2.000000e+05 2.000000e+05 2.000000e+05 2.000000e+05 2.000000e+05 2.000000e+05 2.000000e+05 2.000000e+05 2.000000e+05 2.000000e+05 2.000000e+05 2.000000e+05 2.000000e+05 2.000000e+05 2.000000e+05 2.000000e+05 2.000000e+05 2.000000e+05 2.000000e+05 2.000000e+05 2.000000e+05 2.000000e+05 
