3.655049e+03 3.133545e+03 2.174091e+03 2.059407e+03 3.002263e+03 2.133338e+03 1.641656e+03 1.819217e+03 2.843996e+03 2.988576e+03 3.857162e+03 2.775206e+03 1.138238e+03 2.201213e+03 3.553995e+03 2.467722e+03 3.081677e+03 2.101400e+03 1.881966e+03 2.871367e+03 3.813494e+03 2.201380e+03 1.675803e+03 2.367738e+03 2.994995e+03 2.652104e+03 2.662562e+03 2.800696e+03 2.636687e+03 3.532749e+03 
3.406210e+03 2.632501e+03 2.174091e+03 2.059407e+03 2.874555e+03 2.133338e+03 1.641656e+03 1.819217e+03 2.843996e+03 2.988576e+03 2.577414e+03 2.775206e+03 1.138238e+03 2.201213e+03 2.980117e+03 2.467722e+03 3.081677e+03 2.101400e+03 1.881966e+03 1.793310e+03 3.813494e+03 2.201380e+03 1.675803e+03 1.758087e+03 2.669631e+03 2.652104e+03 2.662562e+03 2.713573e+03 2.636687e+03 2.343751e+03 
2.667503e+03 2.632501e+03 2.174091e+03 1.182595e+03 2.874555e+03 2.133338e+03 1.641656e+03 1.602594e+03 1.802139e+03 2.773410e+03 2.577414e+03 2.234639e+03 1.138238e+03 1.815203e+03 1.557644e+03 1.996327e+03 3.081677e+03 1.841655e+03 1.881966e+03 1.777717e+03 2.641760e+03 2.201380e+03 1.675803e+03 1.718625e+03 2.669631e+03 2.470262e+03 2.468566e+03 2.418765e+03 2.636687e+03 2.343751e+03 
2.617616e+03 1.882845e+03 1.778283e+03 1.182595e+03 2.480062e+03 1.971924e+03 1.641656e+03 1.602594e+03 1.802139e+03 2.773410e+03 2.577414e+03 1.668126e+03 1.138238e+03 1.815203e+03 1.557644e+03 1.996327e+03 2.121883e+03 1.841655e+03 1.881966e+03 1.777717e+03 2.641760e+03 1.695992e+03 1.675803e+03 1.718625e+03 2.669631e+03 2.470262e+03 2.418896e+03 1.597310e+03 2.214930e+03 2.305220e+03 
2.617616e+03 1.882845e+03 9.832047e+02 1.182595e+03 2.069679e+03 1.704191e+03 1.641656e+03 1.602594e+03 1.734772e+03 1.221783e+03 2.577414e+03 1.668126e+03 1.020793e+03 1.815203e+03 1.557644e+03 1.996327e+03 2.121883e+03 1.841655e+03 1.221601e+03 1.229022e+03 2.641760e+03 1.190124e+03 1.274704e+03 6.738596e+02 1.569789e+03 2.428262e+03 1.949523e+03 1.597310e+03 2.214930e+03 1.680215e+03 
1.512340e+03 1.752229e+03 9.832047e+02 1.182595e+03 1.557660e+03 1.704191e+03 1.079488e+03 1.240159e+03 1.625750e+03 1.097604e+03 2.375579e+03 9.980029e+02 7.367598e+02 1.702557e+03 1.557644e+03 1.996327e+03 1.306425e+03 8.295859e+02 1.048137e+03 9.024389e+02 2.612678e+03 7.186329e+02 1.274704e+03 6.738596e+02 9.846627e+02 1.325122e+03 1.738355e+03 1.597310e+03 1.421273e+03 1.680215e+03 
7.820909e+02 1.033791e+03 9.832047e+02 1.182595e+03 1.406315e+03 8.896781e+02 1.079488e+03 1.130307e+03 1.337496e+03 1.097604e+03 2.110478e+03 9.980029e+02 7.367598e+02 1.104947e+03 1.297254e+03 1.540391e+03 1.252442e+03 8.295859e+02 7.063032e+02 9.024389e+02 1.391757e+03 7.186329e+02 1.274704e+03 2.844981e+02 6.807561e+02 1.078652e+03 9.266117e+02 1.186886e+03 6.806526e+02 8.855294e+02 
7.820909e+02 5.822887e+02 9.130380e+02 9.362075e+02 9.039105e+02 5.758378e+02 9.654023e+02 5.872130e+02 7.155015e+02 1.097604e+03 1.325376e+03 9.980029e+02 6.560613e+02 6.258492e+02 1.010737e+03 1.097691e+03 1.049289e+03 6.054643e+02 7.063032e+02 8.706710e+02 9.081155e+02 5.976638e+02 9.667854e+02 2.694228e+02 6.807561e+02 7.344508e+02 6.530325e+02 4.438698e+02 6.806526e+02 5.330647e+02 
5.884799e+02 5.822887e+02 9.130380e+02 3.587859e+02 9.039105e+02 2.994967e+02 9.036726e+02 5.872130e+02 5.976229e+02 6.525088e+02 3.207120e+02 6.246275e+02 4.908838e+02 6.258492e+02 8.005746e+02 2.727903e+02 5.310006e+02 3.623295e+02 3.682366e+02 8.247590e+02 4.435651e+02 2.901952e+02 4.827116e+02 1.742400e+02 6.807513e+02 5.759831e+02 6.530325e+02 3.100593e+02 5.358270e+02 4.806842e+02 
1.964665e+02 3.076699e+02 5.825958e+02 3.587859e+02 6.820526e+02 2.917293e+02 5.011565e+02 2.257483e+02 3.910605e+02 1.671739e+02 2.497672e+02 3.442890e+02 4.537146e+02 4.991035e+02 4.951081e+02 2.423758e+02 3.601899e+02 2.464147e+02 1.621194e+02 7.561755e+02 3.047773e+02 2.699388e+02 3.481874e+02 1.542593e+02 2.790502e+02 2.187651e+02 4.223608e+02 2.112721e+02 2.638892e+02 3.711658e+02 
1.799984e+02 2.515031e+02 4.658522e+02 1.466220e+02 4.442923e+02 2.770562e+02 4.286159e+02 1.791317e+02 2.710000e+02 1.316003e+02 2.130991e+02 2.205112e+02 1.355335e+02 3.046797e+02 4.030748e+02 1.986602e+02 9.516281e+01 1.386949e+02 7.617919e+01 5.713449e+02 2.190922e+02 2.168894e+02 3.283878e+02 1.536614e+02 2.235389e+02 7.706609e+01 3.044819e+02 1.832166e+02 1.458083e+02 2.388528e+02 
1.436800e+02 2.368010e+02 2.605669e+02 6.838151e+01 4.260379e+02 2.468263e+02 3.896894e+02 1.442817e+02 2.155563e+02 6.833249e+01 1.974872e+02 1.384784e+02 1.068241e+02 2.847750e+02 3.587887e+02 1.550159e+02 8.473167e+01 1.037458e+02 7.160471e+01 4.207943e+02 1.621083e+02 2.139462e+02 2.131819e+02 1.110640e+02 2.082676e+02 7.039750e+01 1.093143e+02 1.275389e+02 9.843685e+01 1.793088e+02 
1.252924e+02 1.129826e+02 2.174254e+02 5.681725e+01 4.221687e+02 1.626378e+02 3.006994e+02 1.313649e+02 2.118740e+02 6.729274e+01 1.782373e+02 1.212181e+02 7.374854e+01 2.378862e+02 3.025719e+02 1.373804e+02 7.766192e+01 7.322873e+01 6.831269e+01 4.012899e+02 1.605762e+02 2.109187e+02 1.654602e+02 1.042550e+02 8.122917e+01 6.500793e+01 8.750639e+01 7.066201e+01 7.574883e+01 1.684112e+02 
1.238637e+02 9.514881e+01 2.041904e+02 4.633853e+01 3.335611e+02 1.485777e+02 2.725982e+02 1.288123e+02 2.079680e+02 6.517040e+01 1.730297e+02 1.175256e+02 7.183455e+01 2.107074e+02 2.678681e+02 2.997987e+01 6.130177e+01 7.176259e+01 6.604309e+01 4.003943e+02 1.553509e+02 2.100988e+02 1.634644e+02 9.684575e+01 7.319029e+01 6.087285e+01 6.732210e+01 6.214630e+01 6.773641e+01 1.551619e+02 
1.000000e-08 2.553361e-08 1.000000e-08 1.000000e-08 1.000000e-08 1.000000e-08 1.214653e-08 1.000000e-08 1.000000e-08 1.000000e-08 1.311173e-08 1.000000e-08 1.000000e-08 1.000000e-08 2.898882e-07 1.000000e-08 1.000000e-08 1.000000e-08 1.535295e-08 1.000000e-08 1.000000e-08 1.000000e-08 2.302284e-08 1.000000e-08 9.306768e-08 1.000000e-08 1.000000e-08 1.000000e-08 1.000000e-08 1.000000e-08 
1.000000e-08 1.000000e-08 1.000000e-08 1.000000e-08 1.000000e-08 1.000000e-08 1.000000e-08 1.000000e-08 1.000000e-08 1.000000e-08 1.000000e-08 1.000000e-08 1.000000e-08 1.000000e-08 1.000000e-08 1.000000e-08 1.000000e-08 1.000000e-08 1.000000e-08 1.000000e-08 1.000000e-08 1.000000e-08 1.000000e-08 1.000000e-08 1.000000e-08 1.000000e-08 1.000000e-08 1.000000e-08 1.000000e-08 1.000000e-08 
1.255650e+05 1.266260e+05 1.231370e+05 1.249190e+05 1.243130e+05 1.254800e+05 1.264710e+05 1.242380e+05 1.259250e+05 1.251950e+05 1.263200e+05 1.258070e+05 1.260010e+05 1.244260e+05 1.273680e+05 1.248840e+05 1.234240e+05 1.252390e+05 1.263970e+05 1.250290e+05 1.248350e+05 1.239520e+05 1.268210e+05 1.246790e+05 1.269390e+05 1.256390e+05 1.251600e+05 1.258470e+05 1.249570e+05 1.254390e+05 
