6.676183e+02 6.409084e+02 4.848088e+02 3.286260e+02 2.273225e+02 3.112427e+02 1.149229e+02 1.848921e+02 4.750661e+02 6.573375e+02 7.633780e+02 4.616230e+02 4.620397e+02 1.952426e+02 1.517630e+02 1.351582e+03 9.359456e+02 1.584163e+03 2.415293e+02 3.019137e+02 2.875128e+02 2.163911e+02 9.262648e+02 4.896677e+02 4.417380e+02 1.573041e+02 5.367190e+02 9.774978e+02 1.528909e+03 1.807661e+03 
4.303750e+02 5.724952e+02 4.559902e+02 2.626815e+02 1.633662e+02 3.041038e+02 1.111565e+02 1.825442e+02 1.978479e+02 6.118286e+02 7.633780e+02 3.699395e+02 4.620397e+02 1.679226e+02 1.445263e+02 1.351582e+03 5.235138e+02 5.330021e+02 2.265121e+02 3.019137e+02 2.468450e+02 2.163911e+02 9.262648e+02 4.045402e+02 4.367730e+02 1.573041e+02 5.130038e+02 9.441158e+02 1.455616e+03 1.206953e+03 
4.303750e+02 5.724952e+02 3.271780e+02 1.632576e+02 1.604133e+02 3.041038e+02 1.111565e+02 1.751758e+02 1.978479e+02 6.118286e+02 4.913769e+02 3.699395e+02 4.620397e+02 1.663462e+02 1.445263e+02 8.932267e+02 5.153856e+02 2.308512e+02 1.942568e+02 2.948543e+02 2.102507e+02 1.795129e+02 9.235388e+02 3.958118e+02 2.521447e+02 1.554623e+02 5.130038e+02 6.058772e+02 6.019514e+02 8.960372e+02 
3.974222e+02 3.534692e+02 2.031697e+02 1.632576e+02 1.217012e+02 1.903621e+02 1.111565e+02 1.751758e+02 1.704784e+02 4.057811e+02 4.913769e+02 3.685639e+02 2.137658e+02 1.663462e+02 1.445263e+02 7.239103e+02 4.915566e+02 2.308512e+02 1.926464e+02 2.948543e+02 1.777047e+02 1.786383e+02 8.814937e+02 2.713466e+02 2.521447e+02 1.294430e+02 3.919326e+02 6.058772e+02 3.664809e+02 6.710934e+02 
1.333771e+02 1.422661e+02 1.983889e+02 1.632576e+02 1.143519e+02 1.499061e+02 1.098570e+02 1.569544e+02 1.234649e+02 1.693702e+02 1.895874e+02 1.598973e+02 1.489559e+02 1.460877e+02 1.445263e+02 1.640291e+02 1.232647e+02 1.956707e+02 1.926464e+02 2.072765e+02 1.721289e+02 1.685491e+02 1.561839e+02 1.653136e+02 2.521447e+02 1.261013e+02 3.197179e+02 1.689787e+02 1.764916e+02 1.630860e+02 
1.229941e+02 1.290116e+02 1.297167e+02 1.455267e+02 1.091628e+02 1.334150e+02 1.097297e+02 1.161157e+02 1.156499e+02 1.263067e+02 1.294456e+02 1.182984e+02 1.082308e+02 1.272774e+02 1.312330e+02 1.637149e+02 1.143215e+02 1.808869e+02 1.147475e+02 1.295991e+02 1.274633e+02 1.355770e+02 1.370604e+02 1.246248e+02 1.459522e+02 1.176824e+02 1.600169e+02 1.107009e+02 1.276532e+02 1.594466e+02 
1.165878e+02 1.209350e+02 1.099803e+02 1.192907e+02 1.080156e+02 1.185453e+02 1.066936e+02 1.147290e+02 1.109381e+02 1.241870e+02 1.210760e+02 1.092075e+02 1.044417e+02 1.251221e+02 1.122678e+02 1.431649e+02 1.108282e+02 1.218267e+02 1.147475e+02 1.118902e+02 1.214653e+02 1.158810e+02 1.154932e+02 1.118598e+02 1.218486e+02 1.153817e+02 1.067439e+02 1.042357e+02 1.194508e+02 1.286217e+02 
1.113874e+02 1.133828e+02 1.065197e+02 1.082707e+02 1.027510e+02 1.136434e+02 1.043132e+02 1.110930e+02 1.093149e+02 1.109408e+02 1.079541e+02 1.077754e+02 1.038882e+02 1.026899e+02 1.015561e+02 1.073545e+02 1.033103e+02 1.157760e+02 1.068852e+02 1.080774e+02 1.050994e+02 1.125574e+02 1.053384e+02 1.067643e+02 1.088169e+02 1.035849e+02 1.037492e+02 1.030900e+02 1.116883e+02 1.132213e+02 
1.029435e+02 1.039792e+02 1.039322e+02 1.022215e+02 1.024100e+02 1.072799e+02 1.018649e+02 1.052351e+02 1.036709e+02 1.035169e+02 1.040089e+02 1.030489e+02 1.037343e+02 1.013735e+02 1.006463e+02 1.030494e+02 1.019295e+02 1.049890e+02 1.044199e+02 1.030123e+02 1.019205e+02 1.022817e+02 1.016485e+02 1.041289e+02 1.030015e+02 1.013699e+02 1.020027e+02 1.023570e+02 1.027373e+02 1.023025e+02 
1.014461e+02 1.021494e+02 1.012892e+02 1.015797e+02 1.010361e+02 1.009404e+02 1.012652e+02 1.014277e+02 1.016760e+02 1.017326e+02 1.012873e+02 1.015276e+02 1.011835e+02 1.013735e+02 1.005851e+02 1.011786e+02 1.011000e+02 1.010106e+02 1.016353e+02 1.011183e+02 1.002330e+02 1.008987e+02 1.013033e+02 1.021328e+02 1.009116e+02 1.011209e+02 1.013509e+02 1.010929e+02 1.016771e+02 1.012150e+02 
8.709678e+01 1.011799e+02 1.007757e+02 6.461667e+01 7.644522e+01 6.451670e+01 1.010131e+02 8.653476e+01 9.652537e+01 7.125741e+01 8.780152e+01 1.009559e+02 8.272544e+01 1.008314e+02 1.005195e+02 1.009865e+02 1.008905e+02 1.010106e+02 9.732886e+01 1.007627e+02 6.246731e+01 8.505411e+01 7.490425e+01 6.800002e+01 6.540163e+01 1.008854e+02 1.010803e+02 1.008529e+02 1.008143e+02 1.009580e+02 
4.102198e+01 4.588214e+01 1.971700e+01 3.293153e+01 3.273334e+01 1.576311e+01 2.490089e+01 3.154420e+01 2.259990e+01 8.506120e+00 4.465177e+01 4.232501e+01 2.700128e+01 2.586269e+01 6.006776e+01 3.867772e+01 6.903942e+01 1.890962e+01 1.536997e+01 4.182449e+01 1.171008e+01 4.116243e+01 2.166815e+01 2.077270e+01 1.447167e+01 1.482867e+01 1.895090e+01 4.617611e+01 4.639494e+01 5.742670e+01 
1.316695e+01 5.659213e+00 1.896820e+00 3.828646e+00 6.075404e+00 3.417512e+00 2.335063e+00 1.135502e+00 1.063901e+00 1.571984e+00 2.032549e+00 7.042105e+00 6.090001e+00 4.181375e+00 1.051965e+01 3.783329e+00 1.062123e+01 2.597298e+00 4.297209e+00 8.202964e+00 6.089459e-01 1.213373e+01 6.147567e+00 1.915697e+00 1.247732e+00 8.699864e+00 5.447545e+00 9.601177e+00 9.392905e+00 5.565300e+00 
8.093415e-01 2.819926e-01 6.090963e-02 5.463461e-01 2.684134e-01 4.403906e-01 4.943791e-02 1.005980e-04 3.278459e-04 1.505550e-03 9.319461e-02 6.429673e-01 1.272796e-01 2.176732e-03 2.156650e+00 2.742016e-02 1.490423e+00 2.221045e-01 7.298987e-01 4.838302e-01 1.140458e-05 4.583931e-01 2.190921e-01 8.036742e-04 5.086242e-03 3.074649e-01 1.037076e+00 3.554727e-01 2.858242e-01 6.101347e-01 
1.000000e-08 6.899973e-08 1.000000e-08 1.000000e-08 1.000000e-08 1.000000e-08 1.000000e-08 1.000000e-08 1.000000e-08 1.000000e-08 1.000000e-08 1.000000e-08 1.000000e-08 1.000000e-08 3.539676e-01 1.000000e-08 2.165723e-02 1.000000e-08 1.000000e-08 1.000000e-08 1.000000e-08 1.000000e-08 1.000000e-08 1.000000e-08 1.000000e-08 1.000000e-08 1.000000e-08 1.000000e-08 1.000000e-08 1.000000e-08 
1.000000e-08 1.000000e-08 1.000000e-08 1.000000e-08 1.000000e-08 1.000000e-08 1.000000e-08 1.000000e-08 1.000000e-08 1.000000e-08 1.000000e-08 1.000000e-08 1.000000e-08 1.000000e-08 3.539676e-01 1.000000e-08 2.165723e-02 1.000000e-08 1.000000e-08 1.000000e-08 1.000000e-08 1.000000e-08 1.000000e-08 1.000000e-08 1.000000e-08 1.000000e-08 1.000000e-08 1.000000e-08 1.000000e-08 1.000000e-08 
1.142210e+05 1.274010e+05 1.034290e+05 1.140810e+05 1.109980e+05 1.257170e+05 1.048790e+05 9.445200e+04 9.559300e+04 9.634900e+04 1.070440e+05 1.151670e+05 1.083940e+05 1.017010e+05 2.000000e+05 1.037790e+05 2.000000e+05 1.123900e+05 1.189360e+05 1.218190e+05 8.850800e+04 1.150270e+05 1.087770e+05 9.699500e+04 1.022110e+05 1.098240e+05 1.158810e+05 1.113290e+05 1.079610e+05 1.132180e+05 
